664.964 252.151
702.851 208.662
321.319 516.227
386.101 373.228
373.437 357.214
696.797 182.99
449.261 309.728
707.932 241.266
320.095 463.513
495.188 341.227
592.812 173.741
285.419 472.987
288.971 517.101
679.384 206.753
711.198 267.774
792.555 197.141
548.983 320.762
798.409 200.904
780.381 120.276
184.912 771.593
236.577 663.543
346.901 442.326
659.853 253.367
642.609 162.403
180.527 782.966
379.113 396.445
315.648 536.311
486.973 354.664
286.218 498.599
309.712 471.7
441.132 324.57
598.246 280.084
795.156 193.221
212.333 755.004
653.472 233.393
668.474 249.267
271.47 539.003
704.602 153.495
708.619 201.335
476.704 312.593
573.194 206.194
527.48 220.238
704.59 149.27
667.126 225.227
530.076 304.67
349.227 479.948
546.314 320.221
415.398 347.645
778.63 151.008
596.965 186.959
544.767 203.499
668.907 186.745
428.928 371.042
597.261 185.79
263.804 578.715
466.951 251.718
669.402 242.96
467.668 316.224
480.55 274.615
548.132 242.823
665.576 232.115
733.829 271.603
366.203 403.587
701.266 132.127
614.392 238.761
343.729 487.031
774.604 236.896
300.159 505.053
566.631 196.319
284.333 463.173
215.896 697.82
559 211.442
772.947 218.372
213.963 714.152
404.671 334.603
329.905 420.555
181.142 771.856
476.514 324.095
200.614 738.726
602.312 244.448
473.886 358.328
755.313 167.277
791.675 127.667
713.616 157.885
264.494 547.517
451.131 274.47
488.181 247.319
725.048 201.889
664.54 157.293
747.411 142.915
250.941 537.729
436.596 321.418
700.822 135.275
764.704 163.876
377.59 419.938
748.175 165.38
291.676 433.678
394.69 332.308
364.412 415.483
756.969 237.91
410.759 359.388
565.338 270.27
450.004 368.798
700.611 178.273
657.874 193.107
703.809 159.691
654.291 252.397
254.788 617.588
396.077 342.995
615.454 191.141
284.773 574.227
739.106 254.672
389.511 381.732
460.641 335.721
474.767 322.082
754.662 174.497
682.141 185.248
753.987 173.439
352.242 430.165
552.968 250.598
608.619 295.508
307.523 524.228
210.852 676.347
203.691 795.088
566.414 228.095
470.124 329.962
694.491 232.191
668.284 271.558
277.944 562.141
448.921 340.371
601.819 209.286
243.449 617.161
714.53 242.984
644.416 284.49
690.598 141.743
462.458 308.43
643.261 153.755
615.051 184.674
435.781 348.359
243.345 628.326
587.347 302.634
739.361 182.342
725.887 216.368
715.419 239.749
529.49 303.982
309.05 432.901
673.216 269.37
270.505 536.474
758.326 155.174
777.568 165.598
794.258 165.687
452.759 275.456
412.251 388.841
462.747 282.292
780.293 243.103
650.221 261.795
247.398 671.467
499.018 278.875
464.551 305.438
197.437 700.919
600.12 233.934
636.515 274.882
621.604 269.31
361.982 370.502
314.039 428.685
284.09 483.326
796.519 154.052
781.63 193.59
744.127 153.067
294.379 546.396
798.666 151.31
608.454 184.1
709.459 189.146
223.923 716.478
317.708 456.019
280.657 574.391
413.934 319.052
789.281 254.893
468.342 375.896
695.876 233.46
304.91 528.228
794.507 133.498
790.682 130.515
618.719 255.56
588.928 282.68
638.377 167.225
620.707 292.19
273.818 507.17
203.474 777.162
269.298 481.641
726.916 209.863
702.327 224.646
587.659 275.853
749.608 152.149
361.281 426.449
493.318 309.377
738.601 150.576
383.089 387.176
508.062 350.704
645.934 249.748
558.568 211.471
699.057 234.992
754.216 190.233
699.488 152.788
459.093 332.671
404.105 426.524
709.278 246.54
257.026 636.274
437.576 356.137
263.087 512.329
289.088 562.412
386.499 416.035
314.415 491.601
343.204 368.402
499.67 265.372
269.432 490.218
564.557 231.097
675.058 155.973
199.417 757.012
349.411 378.752
194.615 780.255
711.565 224.969
309.48 439.775
310.05 508.24
491.549 257.143
596.285 210.051
298.294 511.46
793.148 194.419
305.249 457.91
696.425 188.225
462.81 278.079
657.029 280.661
356.393 355.877
513.075 239.581
515.943 324.594
776.325 252.484
321.43 423.316
596.701 241.457
351.238 396.666
348.395 357.856
736.211 142.395
764.143 156.845
796.76 130.946
665.493 156.343
514.656 287.396
517.843 236.544
382.572 360.086
197.828 679.803
767.542 170.217
552.45 322.689
371.984 362.08
627.48 239.722
222.477 637.867
460.662 316.113
438.129 308.929
506.86 254.827
393.291 354.662
746.003 254.311
324.861 447.075
211.677 673.05
775.652 135.343
208.927 688.255
791.186 240.062
765.363 220.524
750.048 250.577
523.731 243.669
568.451 312.867
768.6 148.614
524.474 281.342
671.261 202.127
722.976 129.941
417.041 399.93
751.819 190.936
440.7 270.23
754.606 189.515
359.625 432.413
789.087 246.802
613.047 274.371
474.122 310.259
403.771 355.154
192.354 742.862
444.56 374.55
385.231 345.091
511.153 345.386
460.644 287.399
759.98 138.719
724.801 179.747
559.719 216.912
199.079 729.125
240.311 663.007
798.315 129.94
626.396 273.636
643.268 182.408
771.272 150.228
701.803 149.666
478.775 312.912
347.787 408.571
226.718 611.306
570.52 276.927
740.065 179.043
393.144 355.897
357.979 407.9
295.468 440.2
753.21 201.145
342.519 385.707
767.928 112.895
795.903 125.869
716.183 265.345
539.779 217.538
377.324 416.002
497.082 252.252
511.5 244.44
221.217 704.865
630.945 202.662
252.9 600.614
309.875 490.98
796.47 176.172
732.947 163.239
271.611 530.685
662.291 253.561
282.858 521.937
731.598 193.046
732.626 179.338
594.743 273.192
627.658 270.784
779.562 214.002
682.837 164.402
761.311 189.141
568.755 263.622
442.065 377.134
790.666 204.58
685.183 218.962
552.576 225.873
713.642 163.863
637.06 206.695
464.956 343.6
293.893 451.342
227.036 706.928
392.658 398.615
527.66 223.902
331.463 454.483
668.315 211.693
724.638 174.999
203.331 695.979
436.323 360.682
647.458 257.767
441.967 321.659
324.354 439.756
785.045 248.602
686.912 258.241
661.389 192.952
731.345 126.508
199.55 685.109
737.931 139.106
620.687 205.588
354.832 423.362
682.631 215.482
799.748 191.958
660.235 277.573
647.28 159.443
621.824 241.252
704.439 193.541
741.238 190.365
280.08 560.968
449.238 291.949
793.16 220.798
213.206 668.601
379.968 416.271
678.886 155.392
189.334 792.605
773.836 224.15
371.496 335.004
680.853 271.273
289.099 511.781
480.809 294.704
191.329 719.679
621.993 165.375
741.52 193.451
193.277 726.292
236.857 681.172
795.835 199.665
540.544 243.539
354.607 453.504
594.686 181.451
236.779 662.882
208.268 661.982
746.459 181.41
265.707 612.64
314.376 469.653
756.944 153.25
747.802 179.03
558.067 291.362
185.299 754.478
535.03 295.315
542.827 270.909
369.993 447.048
556.867 309.326
783.81 238.688
413.725 373.039
643.117 237.982
637.223 204.131
538.386 324.82
658.559 204.635
481.748 346.194
780.501 131.176
728.558 203.885
415.233 322.484
580.021 289.231
663.182 173.116
665.381 182.143
531.672 236.596
735.61 142.158
282.321 555.202
700.201 225.066
762.629 163.734
620.849 298.171
401.689 325.014
673 168.018
314.817 508.823
267.504 497.375
612.896 209.18
717.76 241.099
630.909 201.64
532.236 287.247
723.55 235.601
190.324 719.569
786.595 241.539
372.134 415.568
490.037 278.576
245.131 560.135
357.019 469.966
387.754 359.7
189.277 704.931
285.366 465.303
193.126 785.45
754.052 189.082
477.371 248.679
258.55 639.96
735.674 131.854
458.639 274.499
407.169 393.013
269.803 608.915
284.451 548.638
566.095 262.189
367.432 353.468
686.469 145.988
447.801 297.163
730.818 220.516
736.942 240.248
175.453 763.856
673.806 245.755
396.969 366.973
330.89 475.211
393.795 378.732
660.98 192.179
614.991 240.303
334.796 394.841
521.444 213.49
382.58 414.583
368.809 338.383
772.357 213.338
368.338 405.87
524.535 267.388
395.342 303.119
630.402 259.307
703.091 223.302
504.053 234.491
595.26 282.295
192.775 710.436
715.85 265.168
456.827 342.288
408.394 379.756
637.966 282.508
408.79 336.197
676.689 247.386
379.035 344.337
486.207 270.277
663.886 204.651
686.944 271.65
711.158 245.217
472.894 256.073
337.595 474.37
742.215 154.312
649.893 240.476
489.865 278.742
790.751 168.664
282.071 573.441
712.753 201.879
587.693 269.831
619.418 286.139
740.724 198.138
751.857 159.876
363.07 399.729
685.6 139.586
276.315 512.012
745.226 120.373
501.274 292.268
637.475 235.994
680.654 148.538
442.268 306.671
666.945 277.697
430.741 324.301
542.025 241.803
355.054 400.809
368.51 374.763
636.426 286.763
391.662 403.195
209.528 690.01
644.751 153.616
745.385 167.791
425.399 328.194
300.03 491.465
352.874 362.479
798.244 118.479
780.033 109.613
667.334 257.886
503.104 247.466
661.383 264.409
614.597 189.669
503.095 334.371
640.579 245.5
722.911 198.862
409.95 368.269
599.744 208.535
334.247 479.039
749.401 241.964
309.485 475.133
257.488 540.35
495.023 340.436
789.656 189.884
409.094 360.578
301.61 449.562
349.838 387.616
514.837 292.719
507.831 269.051
729.55 124.032
523.418 247.201
740.296 170.876
194.335 776.158
642.412 182.892
579.097 261.725
728.038 200.785
695.565 209.662
677.272 270.806
249.001 639.323
546 287.364
216.297 653.636
316.308 490.62
660.569 192.377
325.422 405.392
613.154 276.283
463.478 304.283
662.972 234.802
259.77 559.32
187.415 785.945
531.816 265.674
308.076 462.513
677.005 188.575
410.15 351.048
347.623 471.457
274.01 573.657
671.439 189.114
333.399 414.608
236.159 648.569
458.093 363.034
430.711 340.978
693.695 151.59
215.201 673.369
241.339 671.894
785.742 178.588
350.389 418.619
513.071 309.143
349.154 460.05
447.486 292.205
717.139 139.8
449.181 278.035
541.989 235.306
238.715 653.302
714.179 230.267
637.617 278.76
466.466 304.175
533.654 321.471
343.218 494.75
790.803 257.657
318.108 478.759
612.704 251.824
556.934 256.804
664.069 258.102
748.324 157.559
607.521 182.019
274.591 595.229
782.21 145.899
488.127 258.818
569.857 240.968
751.862 202.414
223.915 729.355
443.828 345.6
595.911 203.714
645.705 217.06
357.126 440.986
623.454 190.779
668.846 246.494
346.192 400.291
624.09 213.129
466.59 250.42
627.881 160.206
766.963 207.406
342.17 387.438
457.553 343.438
715.923 182.909
741.157 159.178
703.636 194.213
218.725 599.054
651.951 181.058
189.766 715.289
313.495 481.688
429.521 311.403
295 530.587
697.03 165.353
635.672 196.732
604.431 208.48
284.982 501.063
184.158 751.925
194.532 668.512
607.589 219.847
305.954 490.162
587.56 263.363
799.694 197.273
498.326 320.127
684.386 210.76
244.288 649.049
621.059 259.959
584.379 302.924
185.725 701.64
237.493 586.706
641.112 231.068
643.192 209.026
680.712 138.42
747.047 247.384
786.527 232.598
549.353 235.747
304.704 442.296
575.299 280.994
693.858 190.114
786.347 214.559
464.87 303.486
411.204 337.013
650.653 251.942
283.293 480.443
247.915 541.22
706.734 175.756
423.173 300.328
783.384 119.035
620.138 209.646
188.315 740.847
486.461 323.962
750.416 238.476
597.655 246.378
223.194 671.513
715.631 127.555
704.14 263.84
419.406 289.962
761.704 205.852
662.788 267.016
726.606 189.68
726.282 189.09
483.836 233.337
760.611 145.274
551.427 311.645
460.708 355.894
393.59 362.172
299.993 467.869
719.718 192.971
192.643 771.401
401.692 429.705
208.924 674.625
607.374 272.497
283.757 513.117
294.528 438.092
228.499 646.512
219.372 625.649
698.186 165.272
552.807 308.586
598.928 201.547
418.604 312.202
225.271 713.891
639.836 256.136
374.984 434.485
217.621 651.452
378.997 341.467
667.324 179.124
684.992 160.657
304.273 540.135
681.738 166.193
484.937 274.225
398.163 403.619
591.915 194.779
746.45 142.336
658.536 140.858
504.687 300.611
188.14 777.971
231.875 688.618
549.49 208.68
343.133 470.804
378.549 358.353
370.222 381.557
509.49 286.816
769.534 107.124
358.681 410.778
785.573 134.734
747.695 191.168
245.096 594.452
448.868 303.933
666.204 210.873
269.419 524.404
727.52 144.447
615.078 276.288
776.556 110.593
530.813 270.757
763.419 201.633
520.15 335.318
723.511 175.139
605.619 301.166
664.104 206.059
315.919 432.096
548.162 191.055
788.848 185.057
494.898 338.384
556.815 307.787
641.876 260.551
377.231 344.461
409.126 360.389
534.573 260.286
443.744 385.884
382.049 336.956
672.823 277.891
723.87 193.317
679.903 192.504
323.632 411.151
665.236 163.515
580.42 257.316
779.051 252.247
530.491 259.758
517.881 303.192
518.291 242.115
736.228 242.688
669.183 192.933
404.96 352.805
463.72 304.783
202.837 739.281
516.697 307.078
403.572 409.082
279.033 508.596
555.538 301.125
693.849 252.89
455.676 334.417
588.703 202.362
705.289 190.757
440.368 363.801
418.494 367.892
736.868 246.877
703.286 149.982
685.358 152.601
292.453 519.765
537.894 205.012
485.155 306.832
778.355 195.291
688.768 216.019
558.336 269.981
339.741 460.155
764.234 182.701
493.611 289.107
598.353 209.348
571.946 249.061
352.405 388.117
269.801 529.227
499.096 312.036
243.472 598.216
348.756 391.625
192.94 751.883
642.251 264.468
349.346 397.414
194.73 747.847
188.447 791.119
700.063 132.649
327.011 451.444
204.429 696.387
280.107 516.746
202.235 670.409
597.389 290.707
369.609 330.7
438.666 297.743
301.502 542.638
798.518 119.576
445.139 330.249
239.277 566.155
412.134 322.976
444.717 290.361
289.959 513.387
572.42 201.645
789.187 253.851
285.964 530.602
402.865 415.369
700.973 204.476
598.71 258.718
173.475 783.049
176.181 762.597
519.886 267.923
240 661.449
538.022 324.042
775.91 122.502
259.773 616.716
640.318 213.404
568.219 272.169
194.472 731.379
260.123 517.537
389.528 388.262
776.809 180.776
218.784 629.954
735.869 141.266
203.481 681.948
723.037 259.54
325.412 497.927
406.313 403.383
233.382 645.622
344.196 434.403
392.06 352.103
683.165 193.597
426.094 305.514
554.604 282.728
521.518 230.728
262.211 520.367
736.779 237.84
602.465 211.29
264.379 520.852
328.236 489.598
728.265 142.539
220.9 673.537
783.445 216.966
199.601 690.264
565.55 235.079
795.744 142.487
676.293 242.934
722.731 209.424
341.656 388.673
730.12 177.192
662.492 245.084
648.847 164.188
377.919 373.619
458.176 370.339
671.846 183.304
743.451 217.734
414.617 320.995
536.607 304.176
727.549 168.597
647.541 166.879
690.272 242.583
580.959 190.865
497.984 336.789
271.115 605.336
697.436 185.295
694.09 159.196
411.661 345.092
277.708 598.181
662.678 261.849
358.204 368.171
640.211 212.034
616.432 266.922
655.234 247.797
535.303 290.525
342.726 487.43
597.52 172.495
412.72 318.834
356.331 366.303
279.245 580.369
351.646 424.658
236.361 608.124
791.759 232.672
671.323 238.08
241.097 626.96
786.615 183.666
519.723 293.638
371.056 402.623
539.227 245.026
315.85 426.719
492.987 264.019
583.813 311.093
227.702 672.319
743.266 176.011
438.019 320.48
460.017 317.439
757.933 145.187
198.424 760.427
456.563 285.257
197.673 740.766
296.571 479.864
401.083 351.724
502.289 321.145
430.18 344.023
319.317 402.87
241.175 623.989
653.091 189.592
616.965 293.572
736.419 129.641
757.389 192.035
325.184 383.974
188.289 757.271
471.035 333.403
560.891 220.186
314.052 461.875
387.766 352.068
272.061 561.353
240.352 602.748
716.549 245.133
297.179 475.862
222.74 592.046
381.719 341.182
200.267 709.385
786.327 163.345
455.235 282.904
560.8 273.832
654.953 258.493
451.986 289.998
217.194 740.931
536.122 338.025
231.202 627.038
795.266 237.578
417.32 299.1
305.118 546.923
757.749 202.258
432.236 312.67
349.004 387.437
244.273 565.613
219.857 719.148
597.278 213.52
422.113 388.937
413.044 369.947
456.138 285.548
698.545 231.672
342.852 492.924
289.988 451.372
726.655 143.438
785.749 185.04
199.096 747.666
484.103 310.583
341.876 467.105
412.209 422.347
327.42 509.751
212.786 663.29
757.123 126.839
612.159 250.975
534.884 204.047
669.094 191.041
770.627 144.106
718.333 215.466
750.659 204.358
205.837 754.157
246.045 659.748
366.585 409.71
219.246 684.433
781.629 142.813
757.926 111.762
453.574 293.889
293.325 453.46
283.823 542.795
742.456 249.66
543.949 260.034
273.295 549.026
343.731 412.065
358.947 440.193
320.655 449.478
402.299 349.441
523.946 331.176
569.5 201.499
242.661 642.07
389.097 362.097
292.622 473.679
300.729 427.566
652.68 192.889
590.852 286.313
597.985 181.925
574.098 266.596
777.243 189.975
593.689 263.953
348.144 420.024
583.731 249.985
232.69 664.469
346.686 435.221
506.004 299.97
285.481 507.319
498.201 270.936
796.656 206.774
654.006 255.107
561.218 224.985
597.946 256.761
725.442 249.409
594.614 209.677
698.169 268.007
713.244 137.297
192.789 741.081
478.733 335.091
374.613 446.573
555.845 224.299
221.883 603.679
770.554 111.509
346.339 477.523
677.366 155.679
459.549 340.645
363.507 369.652
321.023 411.43
493.195 332.889
572.338 254.073
791.846 150.434
326.9 426.918
697.671 243.139
536.415 291.604
456.886 277.713
190.736 688.265
333.349 447.715
201.784 787.119
494.084 311.454
415.294 372.944
683.122 195.542
433.084 285.564
718.315 209.008
706.682 216.553
264.319 590.154
178.802 784.701
578.681 272.343
769.161 201.183
644.886 248.357
540.442 243.804
241.148 625.914
781.308 189.745
563.338 225.475
207.529 697.787
424.022 351.972
278.562 507.479
215.145 713.299
680.028 207.427
462.996 254.776
563.013 227.275
784.724 172.084
631.81 229.743
490.655 320.593
528.948 302.994
527.354 238.849
559.816 216.93
317.473 500.3
231.024 623.224
364.79 383.947
675.594 188.604
758.772 132.14
456.12 323.357
640.679 230.523
708.783 162.915
604.253 182.142
483.321 274.044
425.39 301.197
213.18 766.618
436.748 302.347
584.301 219.219
490.42 289.235
614.986 200.568
594.663 271.901
681.549 258.551
774.289 113.066
626.88 287.993
219.383 598.674
256.246 647.178
512.77 294.869
698.653 190.361
790.886 123.673
273.894 513.072
225.913 691.681
406.871 396.695
224.509 695.187
564.41 223.575
777.952 228.068
700.173 263.493
215.882 631.059
541.686 291.796
497.269 350.707
534.259 216.517
398.363 374.512
716.252 186.921
798.288 249.65
471.424 281.526
388.288 369.909
383.761 318.531
682.955 228.632
428.983 394.062
431.488 284.966
761.395 188.079
632.479 286.847
320.856 406.1
692.228 166.21
575.227 278.313
609.669 260.475
292.379 552.665
726.794 172.762
351.473 466.304
591.622 210.118
367.647 405.364
350.089 354.629
543.443 277.196
462.128 319.718
597.431 216.381
388.202 403.105
731.516 123.292
708.746 162.26
774.947 152.884
395.547 345.891
355.711 364.389
516.819 259.941
442.044 282.572
315.07 484.738
566.039 290.902
745.026 145.547
700.772 162.381
338.594 397.654
659.771 284.058
653.653 262.469
786.56 155.305
202.107 732.656
440.683 359.571
528.343 245.839
313.112 482.024
796.792 202.966
541.138 324.596
284.768 480.255
180.264 769.119
347.037 432.064
554.648 200.246
602.416 192.336
529.149 302.116
682.081 234.984
584.502 229.755
784.963 193.86
260.319 621.673
360.759 452.342
300.931 482.369
365.986 420.708
213.929 757.916
616.811 225.723
335.298 411.47
691.647 163.969
386.201 353.318
263.789 559.935
354.151 459.644
659.862 286.905
507.715 268.088
516.758 228.998
234.807 677.008
680.567 261.586
755.922 217.537
769.653 194.615
537.111 273.381
455.571 266.334
450.985 327.42
205.355 720.672
658.24 263.947
289.426 536.225
734.062 246.261
287.886 561.831
486.335 249.672
495.655 248.38
195.784 724.973
344.942 405.853
393.276 357.522
310.064 455.645
354.205 362.077
237.238 589.308
787.241 245.105
422.214 285.684
270.667 509.982
219.684 723.45
285.297 469.799
583.746 195.069
336.606 380.498
737.283 210.334
293.719 547.885
646.423 230.666
298.238 508.864
179.511 776.395
630.739 167.249
372.664 388.404
576.011 252.65
345.736 383.162
573.428 216.292
748.31 119.64
230.982 673.196
328.909 474.181
580.112 264.83
559.871 229.961
799.45 232.478
397.037 345.476
357.701 432.878
512.131 242.971
681.265 231.485
705.947 135.626
258.071 619.045
424.433 392.95
519.335 268.171
264.437 538.715
574.736 224.751
346.391 462.223
606.771 247.302
770.322 99.328
484.997 327.428
266.992 511.869
311.012 439.018
235.286 661.641
331.787 419.724
462.502 317.946
736.324 188.354
411.778 424
294.6 537.901
774.776 113.492
721.173 225.584
559.974 292.504
576.067 224.676
667.581 161.957
768.227 102.717
336.912 446.173
184.948 782.753
657.099 246.051
462.183 371.219
796.781 231.969
629.136 192.181
522.025 315.126
414.297 412.074
675.823 272.169
304.795 458.593
270.618 526.705
351.154 452.758
691.027 213.724
504.612 322.037
758.106 153.852
684.584 239.104
465.489 372.251
515.995 314.663
377.801 409.017
469.943 329.321
315.263 458.403
369.892 439.472
759.555 239.906
364.167 451.893
675.99 217.937
632.407 220.878
381.16 336.913
577.814 181.631
716.983 260.152
413.369 408.997
197.032 710.653
212.927 760.198
346.19 412.445
647.218 220.635
602.448 241.982
644.165 188.787
558.458 310.916
474.884 358.127
467.882 330.901
684.429 277.028
730.059 121.176
658.951 274.745
271.051 526.598
182.156 797.858
191.811 702.441
666.894 245.715
522.365 324.772
204.636 753.492
299.557 441.57
738.137 231.775
716.032 196.273
314.736 534.323
358.833 442.997
372.712 385.953
717.487 163.947
197.345 755.228
734.34 185.985
226.338 599.629
473.747 316.97
380.746 374.843
347.596 442.174
575.53 260.497
286.323 509.079
285.967 523.025
226.622 588.26
519.398 234.706
484.802 270.32
789.929 154.229
534.568 267.421
586.167 308.091
630.608 168.412
357.012 441.76
550.137 323.645
786.321 172.191
188.117 787.362
578.156 280.061
658.661 179.699
736.427 173.551
764.561 214.724
495.579 315.489
276.645 517.477
406.317 393.694
353.395 390.552
241.844 651.621
385.559 359.009
754.827 128.902
636.904 164.119
585.28 242.463
419.395 368.927
695.867 205.573
500.568 233.773
557.746 206.685
418.858 389.607
769.924 126.963
520.891 281.025
346.91 443.596
737.247 202.783
576.165 216.942
637.761 175.432
458.54 281.454
734.975 127.614
214.163 686.794
491.826 278.216
296.203 533.355
581.889 265.656
441.823 341.386
701.13 243.787
782.624 212.464
520.769 273.112
444.424 298.129
343.838 445.173
308.119 535.375
696.525 154.002
542.198 228.639
469.509 363.755
618.574 167.992
600.982 170.687
215.38 660.222
279.888 456.823
443.955 278.608
679.385 276.15
794.894 228.512
402.538 369.881
226.416 610.959
725.524 207.779
389.968 414.634
264.627 530.899
297.665 497.751
210.002 768.708
312.841 452.367
386.563 355.899
414.088 410.223
602.386 260.031
762.72 200.397
327.666 505.323
601.991 188.996
254.134 538.279
695.74 152.986
735.808 120.083
708.956 224.23
598.623 194.942
708.093 173.406
738.156 265.798
295.129 550.768
645.294 162.387
563.679 222.736
320.225 487.89
775.196 198.671
770.531 240.127
514.07 241.935
752.428 110.166
389.813 365.579
316.038 472.503
314.925 419.255
734.725 175.095
549.265 248.814
490.036 337.011
489.88 238.218
362.553 439.387
579.058 190.128
516.184 302.267
721.719 207.42
226.854 658.987
633.724 184.301
490.776 351.849
492.682 330.392
641.012 177.357
317.936 488.826
635.941 269.868
529.891 265.255
782.077 109.751
700.979 174.87
188.908 752.782
342.037 495.655
194.582 731.112
750.548 197.938
548.861 239.476
340.485 444.195
385.715 432.116
320.772 445.815
537.059 325.827
707.324 160.024
303.022 483.413
423.663 355.602
661.283 197.374
524.833 237.77
599.648 213.905
754.55 236.167
615.809 260.938
436.891 302.218
313.44 508.941
672.547 162.231
743.906 189.671
186.119 750.317
425.397 408.881
764.173 169.882
376.559 443.955
401.225 369.745
514.671 268.067
657.59 255.244
231.062 683.93
676.177 256.341
316.483 527.387
406.671 346.73
799.032 199.246
728.666 207.665
222.102 685.651
657.237 251.433
672.47 271.13
730.662 264.618
613.748 234.43
660.013 144.934
512.481 334.235
190.718 795.912
211.91 639.293
219.641 657.974
573.44 194.987
642.204 254.676
331.533 405.016
730.067 241.91
681.436 153.913
747.576 141.683
765.977 247.452
304.018 528.657
575.386 277.425
541.83 332.281
791.785 234.028
745.896 137.391
705.761 216.23
245.316 631.13
189.6 753.043
492.239 255.595
704.361 194.743
606.96 241.744
436.622 384.682
446.576 275.833
511.113 220.516
291.3 461.209
261.447 564.925
357.615 436.329
261.977 505.677
739.947 168.492
507.145 337.885
267.294 503.31
274.506 485.653
340.649 419.956
590.039 234.474
648.681 266.436
418.514 341.645
663.872 241.318
638.634 248.994
266.211 527.584
404.017 300.938
665.189 233.875
660.474 156.544
665.944 246.505
656.276 177.262
599.168 208.952
188.797 702.412
205.587 699.432
750.826 257.101
287.494 530.618
434.439 274.359
503.615 252.425
714.27 260.748
582.699 273.703
387.394 425.143
589.524 290.595
705.887 203.562
299.351 455.976
452.299 388.041
665.486 146.302
497.423 234.384
616.145 214.226
688.635 203.172
607.054 234.573
605.479 203.285
287.132 476.885
625.517 221.645
615.689 250.28
639.756 153.564
393.34 394.522
608.506 271.086
226.6 625.578
651.787 175.78
649.096 186.275
759.672 137.669
653.835 196.72
500.509 253.656
791.01 127.344
643.665 258.221
747.988 132.532
725.929 223.412
744.963 251.055
517.587 263.292
730.63 186.508
471.377 245.83
476.956 305.896
721.164 138.621
202.982 782.282
539.978 316.049
742.503 172.983
174.075 795.363
602.151 194.715
515.345 308.556
755.277 251.201
291.157 439.4
620.577 280.525
455.477 289.08
347.018 384.392
236.323 671.285
752.196 194.555
597.098 216.707
192.152 720.721
603.67 230.38
621.077 232.103
720.804 216.105
490.431 362.061
454.67 352.474
197.155 772.975
690.912 211.742
664.217 253.907
554.142 199.076
227.513 606.613
653.628 201.662
213.645 664.452
471.983 308.475
274.819 557.337
611.83 172.568
773.309 214.404
191.308 795.638
703.134 172.895
391.742 324.348
585.56 207.441
633.69 229.165
416.935 319.911
473.636 338.064
317.425 460.462
337.235 454.533
688.279 217.896
413.34 353.719
491.359 242.317
771.167 98.2242
675.104 144.731
775.444 237.151
609.214 289.744
285.393 467.398
228.062 639.019
492.51 278.347
763.409 109.315
213.698 656.307
300.306 546.768
208.956 649.782
343.064 449.224
441.149 319.666
640.511 212.342
191.927 766.451
270.868 523.663
703.987 277.555
667.082 263.365
661.295 280.642
612.116 234.807
659.201 250.937
494.722 238.141
654.506 214.951
758.999 141.16
785.056 214.201
360.863 365.355
740.244 150.202
262.546 574.551
439.23 275.702
419.774 364.62
272.267 495.602
232.162 706.211
765.646 179.129
741.589 124.484
352.886 453.983
533.063 292.858
513.651 317.714
462.391 262.543
325.868 458.85
664.961 222.423
538.157 260.825
330.318 449.179
305.385 518.399
634.154 202.701
521.207 334.337
657.299 262.403
574.713 256.341
259.303 525.136
179.332 792.659
702.108 175.688
258.393 584.152
738.825 249.566
680.456 235.373
286.864 478.135
261.97 581.006
331.828 380.509
698.405 195
290.374 466.51
585.401 244.707
683.27 187.138
549.092 219.097
595.1 206.184
509.456 322.026
733.77 202.173
275.596 493.756
453.213 276.927
776.255 113.147
493.298 354.369
530.066 270.232
709.894 231.924
558.151 291.224
571.056 253.065
249.829 568.012
346.923 383.062
797.944 205.398
689.935 158.685
698.331 220.926
281.143 472.876
633.296 213.264
658.255 282.294
252.366 583.747
468.591 263.718
205.464 713.898
327.702 449.407
261.635 579.94
268.622 602.655
535.297 330.684
641.502 255.191
474.813 301.365
322.503 519.482
409.702 360.218
537.646 244.629
231.33 653.781
589.217 250.532
204.743 667.841
789.328 256.038
607.209 294.683
317.159 400.2
278.42 485.288
464.082 330.833
577.883 240.139
684.038 185.784
690.26 160.137
796.812 95.7917
667.386 191.761
649.456 251.547
503.072 243.177
689.068 205.138
589.431 246.253
436.433 378.324
266.417 481.177
668.321 239.233
329.403 413.049
294.745 507.169
686.561 238.478
596.592 261.689
525.532 322.096
187.727 763.469
188.923 698.978
332.521 437.954
568.996 262.929
314.437 517.178
345.579 410.747
340.463 383.832
177.772 788.972
721.071 170.944
211.704 616.963
503.577 337.728
692.6 161.598
642.184 281.865
265.221 513.681
202.761 741.363
755.319 233.657
202.577 701.257
667.986 218.522
351.523 443.021
386.409 334.557
788.443 141.915
615.052 224.394
603.955 173.449
660.993 223.576
587.14 296.481
408.654 356.48
426.333 282.937
609.051 174.029
443.061 323.339
234.344 653.804
563.842 214.542
721.238 242.287
563.143 268.43
298.479 486.972
707.327 251.003
675.276 241.83
712.962 250.788
376.931 362.036
337.843 402.309
629.18 197.346
468.15 355.991
547.026 287.707
217.676 741.904
213.557 731.285
235.264 656.623
794.757 187.975
722.123 159.391
359.497 398.135
673.87 160.43
798.947 195.691
353.255 475.739
315.5 492.1
252.071 617.19
372.599 354.652
234.694 643.202
194.114 725.692
690.113 175.762
713.074 188.955
644.249 195.2
759.183 232.645
397.22 418.64
697.106 257.224
746.791 238.177
754.451 113.532
589.451 188.946
186.946 746.076
435.014 317.777
242.404 574.062
477.507 251.959
477.584 311.019
478.093 319.789
562.561 214.423
566.191 289.806
736.036 190.599
684.802 177.778
522.731 279.64
706.26 193.873
708.581 122.683
698.188 150.078
610.236 177.728
241.422 608.236
609.101 281.198
596.451 300.352
526.708 258.681
699.938 192.703
473.583 324.649
229.732 642.871
711.466 195.887
225.208 670.233
589.864 218.047
702.115 168.248
490.346 279.034
211.377 703.11
207.871 699.319
448.787 272.233
363.925 359.383
439.475 314.817
789.76 139.962
680.007 202.467
175.969 756.286
289.488 508.706
424.5 365.253
234.098 669.059
391.316 341.061
466.5 274.287
269.903 540.778
353.601 399.316
286.513 494.792
756.672 205.028
508.434 244.521
633.613 214.132
660.856 259.292
696.702 202.298
765.187 235.271
330.212 381.542
654.22 204.995
347.762 435.378
412.647 335.885
401.71 320.477
258.206 562.123
375.655 348.683
455.315 365.903
484.09 357.107
522.939 263.78
409.105 409.23
698.862 182.93
460.858 282.576
455.829 355.598
493.453 323.094
465.336 311.435
268.892 509.39
768.025 109.67
563.2 216.374
742.71 196.61
794.085 132.976
479.105 295.378
227.957 596.534
539.404 304.31
696.213 247.136
388.085 346.854
736.619 140.645
764.543 229.438
713.617 251.025
797.452 235.544
530.577 332.319
538.458 283.18
197.752 791.939
642.522 246.989
678.934 166.081
364.511 435.75
619.534 181.258
313.276 486.296
442.165 322.748
242.72 639.545
302.54 552.522
555.538 305.535
280.657 478.199
363.348 413.344
436.432 357.756
725.399 191.369
604.838 280.988
769.726 203.715
487.7 320.324
687.7 239.131
512.933 352.591
744.192 230.953
621.903 254.241
271.882 487.013
402.558 296.841
414.916 365.99
268.289 497.379
641.876 281.264
535.337 274.038
385.82 419.729
710.149 137.54
590.408 247.806
611.675 171.89
769.836 169.561
455.617 365.917
311.803 432.828
760.145 223.212
455.501 273.384
621.529 173.303
504.151 308.785
646.519 283.464
702.991 271.073
282.738 512.337
694.434 151.702
734.277 122.092
759.217 222.406
513.714 341.576
615.691 175.814
461.747 338.738
439.759 302.439
794.208 180.778
483.594 309.48
281.021 522.487
263.168 575.845
519.639 300.51
650.379 186.133
731.126 219.013
425.047 327.158
452.266 350.675
462.893 314.167
672.097 148.481
299.109 541.408
446.988 394.873
549.717 285.585
216.39 620.661
304.539 547.564
592.814 214.289
605.807 284.26
332.859 435.718
217.212 731.022
371.903 453.578
605.62 304.027
602.619 238.815
625.822 214.087
283.234 491.862
188.417 755.023
330.709 502.243
509.274 271.355
586.29 299.328
352.853 441.049
239.763 629.218
676.953 180.787
463.104 306.486
771.36 150.167
232.069 673.519
266.673 592.223
591.974 223.255
723.502 129.036
435.039 326.836
470.917 240.434
201.451 648.09
239.587 618.68
797.978 103.251
337.783 463.309
562.38 254.338
671.176 161.899
314.626 463.298
243.588 585.205
538.654 299.604
409.325 337.479
609.364 210.561
505.836 256.174
549.671 280.057
395.12 358.225
430.132 399.639
345.401 364.399
211.276 747.296
561.354 213.974
796.796 174.132
387.339 341.221
623.312 200.653
733.74 127.555
176.874 793.862
441.092 274.493
194.565 738.422
263.801 606.319
793.977 238.64
293.524 546.295
488.276 339.811
197.39 769.39
214.67 744.529
276.598 501.2
236.773 569.404
776.444 163.263
606.2 287.672
443.295 387.637
684.383 147.931
670.452 212.778
293.653 489.266
399.109 430.517
523.536 303.481
672.914 207.555
448.226 316.197
682.933 247.876
765.348 149.809
352.258 466.397
621.837 287.533
461.974 304.97
560.871 314.229
772.927 178.518
714.559 180.844
389.049 396.567
415.858 355.335
473.204 263.899
627.133 257.994
636.676 253.726
743.862 247.117
759.647 125.654
589.735 294.238
201.176 749.48
485.821 348.275
594.659 189.747
210.516 753.807
598.573 192.94
772.453 208.423
771.45 164.058
685.544 173.846
481.83 308.757
271.91 536.734
513.704 275.183
592.836 226.076
236.588 547.551
631.184 154.317
795.128 137.594
578.957 200.261
649.311 185.75
267.483 516.141
194.009 703.813
739.46 176.838
190.811 779.243
666.394 269.733
258.261 550.707
627.208 163.537
501.67 240.92
331.153 484.287
552.837 273.758
419.884 322.382
255.554 577.692
637.877 248.724
623.329 269.283
775.965 183.722
639.866 269.939
329.946 468.032
240.756 588.427
325.12 458.256
362.762 448.588
522.436 281.177
698.929 139.77
522.635 292.798
494.456 350.874
337.175 491.755
456.841 322.354
242.382 560.556
759.963 237.777
270.533 548.569
522.305 297.846
740.102 255.574
492.97 354.269
502.371 356.582
198.823 716.239
292.304 495.846
500.416 231.866
327.195 416.845
518.402 286.938
652.067 189.057
414.134 296.632
218.716 756.287
655.845 266.437
261.312 540.594
721.744 223.882
172.616 771.432
590.396 205.884
798.293 163.637
307.264 528.085
391.968 374.374
724.094 248.495
663.164 200.436
660.303 213.228
450.111 285.269
553.288 231.759
383.984 379.396
590.715 222.062
234.497 624.68
438.913 391.75
685.419 272.87
657.068 150.818
196.011 698.826
579.494 261.783
199.411 749.735
709.156 210.565
480.682 352.396
792.324 231.432
367.398 401.601
619.18 287.152
386.957 442.496
488.346 355.859
753.472 207.401
662.42 226.776
635.636 241.736
580.526 292.303
205.337 678.157
266.956 605.312
687.45 207.985
187.242 799.713
481.195 345.665
416.168 305.718
627.722 218.379
460.166 270.034
274.569 547.847
681.796 222.373
232.88 662.879
616.337 233.834
738.278 237.03
774.22 217.548
380.599 381.749
252.452 508.083
279.919 512.961
767.816 147.047
222.931 617.413
275.558 577.031
228.67 625.925
609.802 228.241
659.696 186.241
300.458 511.976
555.273 309.978
279.562 580.778
773.292 141.428
351.926 362.594
370.539 375.361
219.761 700.603
758.522 186.081
401.241 399.583
181.626 798.342
373.587 388.159
664.398 285.872
219.01 632.371
416.354 324.802
607.274 188.182
425.427 281.822
250.334 618.552
749.382 251.425
508.252 295.386
743.775 227.006
448.845 291.63
561.067 259.996
358.664 459.71
679.141 161.876
230.278 691.065
364.185 418.384
552.237 214.852
298.171 454.17
479.193 253.343
233.338 613.082
768.293 258.746
783.813 252.908
675.154 224.089
332.44 402.101
604.774 229.634
615.023 215.511
768.378 210.253
761.495 185.419
775.964 169.234
204.142 730.326
607.253 177.33
527.078 319.6
771.461 120.477
241.062 610.262
526.698 216.196
456.443 306.616
724.344 223.974
617.682 221.542
323.855 469.607
217.444 698.935
175.279 795.161
504.369 322.735
486.512 354.553
362.354 368.745
538.819 326.248
742.406 110.61
321.008 465.194
468.879 356.386
557.196 326.772
331.497 422.873
771.23 134.403
573.076 262.126
794.933 122.235
307.109 425.329
510.968 288.587
343.338 410.719
621.527 264.453
285.517 560.156
274.482 480.688
729.791 241.35
427.474 376.207
787.797 224.414
625.167 257.747
668.854 279.637
515.118 317.502
361.745 379.893
796.19 113.124
532.644 247.285
390.913 357.655
327.225 413.601
580.829 227.905
663.044 277.046
220.826 663.075
306.918 456.287
777.264 130.858
476.442 256.703
361.219 455.657
262.955 591.333
406.766 369.762
515.191 314.505
550.465 261.942
567.083 199.623
197.588 676.279
308.38 413.048
367.095 378.455
606.272 287.738
300.683 432.804
415.321 401.588
397.169 372.299
244.229 562.926
649.204 209.974
335.672 445.948
416.109 387.294
296.318 508.086
553.927 250.875
504.706 313.712
635.805 241.223
304.225 520.188
653.583 254.515
191.446 765.921
664.682 140.042
190.189 774.7
462.415 315.465
610.785 227.752
273.029 529.256
299.726 440.124
551.287 190.473
273.898 581.732
244.064 612.113
264.462 611.417
592.161 185.542
291.951 456.471
220.334 623.819
790.459 151.82
794.282 159.255
312.317 452.24
398.788 354.081
665.285 271.001
757.045 221.809
404.477 362.964
174.062 799.755
689.464 228.488
339.535 424.007
735.335 188.24
597.607 238.188
395.856 364.301
557.026 256.772
341.345 368.882
629.099 290.203
399.586 342.786
269.695 569.399
614.988 192.935
662.155 176.401
370.395 409.869
504.702 296.932
351.541 417.541
328.378 400.777
376.218 332.726
589.654 236.054
505.335 317.34
392.441 343.546
697.349 236.943
526.317 248.965
683.058 232.353
360.2 375.16
223.565 646.999
774.697 141.006
622.756 218.479
382.353 446.432
400.796 426.921
713.879 206.023
536.093 337.227
503.435 272.932
503.465 333.943
527.5 331.648
194.501 793.376
664.591 165.133
366.539 438.855
712.202 182.549
421.442 348.511
339.431 452.687
738.861 135.37
603.495 301.504
257.846 564.841
509.86 337.822
562.818 240.43
267.332 492.311
713.049 258.016
693.944 171.299
426.774 377.913
238.475 599.915
746.928 225.651
258.726 522.943
329.899 457.533
662.578 224.88
736.471 192.029
777.903 226.457
550.774 287.961
713.032 153.711
203.443 735.552
766.243 214.934
210.159 762.075
575.384 264.271
228.159 646.729
569.126 239.711
738.423 245.027
622.582 233.524
547.943 292.078
222.845 717.041
408.751 404.629
487.71 332.503
780.277 141.403
717.39 214.022
594.386 249.23
245.348 590.874
427.412 312.047
605.105 262.2
632.811 196.18
757.204 226.78
246.642 644.066
233.595 633.039
213.072 637.391
796.507 168.665
218.899 620.728
177.362 760.416
207.838 793.851
565.876 234.419
745.792 137.089
659.52 234.866
385.763 327.671
639.326 194.78
727.289 222.76
264.637 526.173
380.841 435.232
405.376 381.066
773.133 173.864
511.419 222.927
361.887 363.008
475.682 308.664
310.597 424.408
202.954 687.64
261.267 607.385
260.156 530.99
787.585 114.397
291.098 547.942
186.546 785.601
633.042 163.929
242.769 657.482
214.026 605.271
536.376 244.69
727.856 162.965
450.179 321.352
598.858 218.289
594.395 286.148
578.404 269.366
216.735 661.441
574.784 236.895
255.218 641.366
188.147 784.558
778.039 220.913
597.611 302.025
232.921 684.058
258.021 630.478
295.056 484.852
429.049 401.43
532.364 303.302
734.236 146.512
495.149 344.299
497.318 269.011
295.93 548.045
719.054 244.127
512.896 250.456
571.401 194.551
718.818 242.982
206.213 752.655
554.639 325.596
570.973 217.356
426.309 386.976
414.645 301.93
684.957 280.77
563.231 231.743
516.89 303.088
201.953 699.07
518.313 269.804
598.09 173.81
781.044 181.338
363.475 402.585
342.125 473.787
739.593 152.929
534.904 304.636
575.127 206.719
762.472 141.428
284.547 469.864
600.739 196.816
632.24 161.016
459.212 343.159
288.089 522.559
646.982 246.008
245.828 595.381
448.832 334.247
773.807 233.369
288.133 465.462
367.441 398.752
525.77 276.759
268.742 575.734
349.989 406.778
387.891 406.864
791.749 251.839
253.667 588.74
788.71 233.484
303.849 549.671
248.085 566.594
482.683 307.031
708.133 136.37
330.047 446.355
361.987 359.608
459.572 316.7
758.105 139.631
340.579 471.614
779.139 201.464
719.939 265.59
389.045 349.495
401.131 320.451
362.767 369.837
474.285 275.536
725.173 144.659
592.89 183.962
557.47 200.587
339.317 390.563
505.345 342.441
238.407 641.506
540.785 268.164
365.375 393.713
366.227 421.297
516.542 296.045
461.425 302.194
729.17 241.578
713.762 251.523
468.832 344.006
186.397 745.764
424.851 367.096
561.327 266.445
602.171 230.2
671.973 224.456
718.651 266.516
225.605 693.209
528.012 241.19
244.367 638.365
444.964 353.414
667.797 271.478
725.963 270.468
594.775 298.289
296.246 499.784
716.695 230.455
282.525 558.604
584.644 264.181
534.866 321.89
303.194 459.714
474.53 249.161
465.918 359.949
735.395 143.885
239.509 568.109
618.546 211.306
542.647 306.893
794.153 118.002
733.675 190.188
388.48 437.81
380.916 403.896
571.593 262.002
287.021 531.835
372.979 381.281
229.886 629.585
214.211 659.638
616.281 185.107
437.483 315.688
596.227 245.528
783.008 138.867
726.365 197.019
663.109 182.429
633.214 165.358
580.107 190.829
382.855 350.713
422.77 333.363
302.958 545.192
531.003 324.449
709.948 189.922
656.222 257.479
294.135 567.639
696.372 252.774
218.967 639.999
761.821 185.377
429.388 383.223
497.062 247.52
382.958 425.989
646.524 272.254
772.744 145.984
428.609 357.115
429.508 284.905
254.475 577.496
764.199 220.618
750.692 141.858
737.245 262.322
181.293 760.554
726.229 200.364
382.396 352.135
266.324 603.202
371.139 405.458
208.88 652.997
773.033 234.966
199.965 692.146
759.106 226.219
490.423 240.231
286.974 579.33
435.925 373.784
598.822 198.907
659.074 235.766
379.906 362.092
576.488 217.837
453.27 355.365
472.95 358.366
258.926 635.124
722.217 237.094
795.746 109.82
398.086 394.477
276.599 573.973
529.873 300.672
797.049 109.87
521.08 266.591
317.734 485.972
274.88 487.433
593.552 305.669
622.512 260.275
257.83 561.348
281.13 591.491
500.035 233.13
448.639 277.556
508.65 305.445
687.873 241.151
486.166 256.804
626.208 270.129
786.733 151.455
178.304 735.014
706.306 195.219
306.287 479.912
420.401 383.173
350.11 445.771
683.817 135.587
785.963 118.599
217.649 681.24
277.993 570.507
600.639 299.218
511.384 330.022
254.652 567.713
258.081 532.305
562.438 249.459
737.994 247.639
762.474 222.641
670.845 190.404
195.542 750.083
273.748 513.218
552.479 292.686
429.118 289.45
712.52 148.369
746.989 241.732
256.588 525.897
621.825 257.26
772.781 179.936
645.92 174.256
716.586 163.765
285.774 454.096
494.106 350.567
478.045 264.644
579.597 278.054
569.309 231.698
534.224 282.613
507.407 259.718
411.417 356.21
584.993 189.613
350.292 429.041
413.333 409.973
497.787 337.153
191.329 716.159
216.489 732.002
786.859 183.512
767.495 234.57
536.787 271.933
397.284 389.132
660.479 290.256
766.974 108.723
676.867 194.907
361.998 416.292
565.673 284.507
565.802 285.113
182.917 776.991
743.6 126.568
458.452 364.285
428.488 328.865
703.132 211.883
514.087 326.299
386.974 342.027
360.394 460.403
799.001 132.383
524.592 329.937
638.812 209.899
648.7 201.637
651.554 154.055
428.288 326.525
718.149 187.849
307.802 467.85
654.004 180.166
626.589 186.939
230.62 654.454
527.292 325.729
607.777 172.863
248.274 615.727
496.552 352.402
292.676 454.422
235.535 656.859
355.312 347.858
496.66 250.792
790.439 137.593
609.039 247.836
726.926 141.284
636.278 212.243
217.359 707.828
707.532 169.386
273.912 606.556
285.21 574.233
331.652 456.009
631.077 268.114
242.632 657.719
210.198 670.414
292.283 483.166
525.136 329.29
614.105 282.835
400.319 356.432
725.397 190.187
345.168 371.239
769.305 179.123
213.205 652.709
302.369 514.723
777.782 147.497
589.119 239.786
304.51 486.52
617.809 291.198
551.001 243.872
267.889 549.84
513.994 226.406
539.702 336.461
466.443 280.78
573.626 196.455
669.675 177.433
389.948 374
263.55 510.553
186.922 777.76
461.172 353.809
720.24 208.065
367.54 433.787
203.822 706.756
480.156 255.961
588.337 228.133
789.489 105.927
552.259 316.448
522.316 248.065
769.152 121.276
530.617 316.601
712.187 212.188
669.555 145.644
513.057 336.773
232.951 680.64
373.055 377.426
622.942 252.286
633.151 172.939
787.538 146.783
317.194 496.499
605.967 289.812
750.051 153.232
305.119 498.135
457.788 278.93
592.751 290.045
606.065 216.281
744.363 135.734
761.714 174.232
783.031 160.822
527.178 234.219
509.3 238.036
727.019 208.135
273.584 555.79
564.339 234.579
283.296 526.59
274.724 531.642
527.434 283.323
226.156 643.256
571.583 258.392
666.622 265.521
695.681 213.343
288.947 520.248
379.462 432.857
760.946 136.736
692.94 246.963
295.526 476.694
316.809 448.843
397.751 378.338
741.358 237.986
482.519 273.8
260.62 564.523
594.987 242.318
207.553 660.421
478.977 334.769
799.021 197.387
646.147 184.134
466.005 347.564
610.751 287.736
390.298 365.916
190.151 796.362
748.988 225.118
788.365 232.762
378.564 406.99
424.091 335.126
565.563 213.503
286.918 509.474
647.943 215.259
347.442 366.501
276.951 504.395
482.198 303.134
447.764 285.012
728.208 227.764
514.919 243.256
695.476 155.538
772.304 106.401
782.064 145.195
554.113 266.463
400.025 371.759
693.516 243.885
225.692 707.071
794.656 101.172
533.766 261.84
471.092 283.033
680.577 171.927
424.038 328.427
635.582 266.52
683.072 231.094
492.15 269.365
541.083 209.027
447.62 357.186
248.33 602.622
560.745 283.213
560.504 220.668
226.666 671.726
460.039 273.823
307.991 491.54
575.732 186.68
798.974 171.616
790.168 125.75
599.215 270.933
520.6 291.899
496.838 235.708
391.592 400.244
797.94 221.296
797.825 203.796
504.378 296.131
318.967 471.336
336.195 374.478
584.089 209.02
794.852 211.067
503.744 323.334
267.837 601.355
524.577 265.288
343.551 418.68
381.265 343.334
645.126 216.809
343.716 410.124
389.918 369.232
528.475 261.002
604.126 286.087
292.155 505.07
630.495 252.129
619.799 251.643
731.185 210.142
349.676 373.917
741.095 153.523
456.759 320.382
269.707 516.76
756.018 217.811
197.17 732.362
674.737 198.631
765.372 230.163
736.204 203.412
563.716 310.247
747.862 243.071
460.008 338.555
532.579 310.339
222.241 636.57
699.898 215.957
196.57 737.273
262.396 617.51
336.003 422.259
334.031 422.713
653.004 252.514
768.672 200.885
556.891 280.237
544.752 302.247
442.399 358.108
424.323 401.943
712.643 215.32
586.433 283.992
553.655 311.529
732.291 256.447
692.138 210.427
314.201 463.748
607.425 286.275
363.444 403.073
537.89 240.16
629.3 262.972
693.234 247.82
711.785 205.892
543.346 222.829
623.216 177.856
639.614 219.152
204.013 772.215
665.91 257.573
549.931 234.815
474.02 340.927
298.906 491.683
561.648 284.439
607.087 231.045
482.948 267.454
525.44 219.499
198.461 674.852
194.389 737.621
700.972 264.81
289.553 562.403
632.84 182.083
759.116 131.462
347.172 431.742
376.4 388.198
566.003 206.837
303.28 505.645
551.499 193.304
555.045 243
439.141 289.053
710.215 251.472
247.495 569.424
651.317 174.594
593.359 234.306
182.042 760.155
757.545 154.012
466.057 269.116
610.771 236.093
489.363 258.672
501.176 247.208
380.236 344.248
335.838 388.98
761.995 155.728
754.807 257.406
498.333 284.28
524.857 247.726
730.459 206.451
583.095 253.377
176.611 782.25
373.198 431.91
230.951 646.662
661.727 174.811
375.226 396.309
698.166 186.717
351.528 440.172
437.128 402.031
243.705 617.535
598.557 302.797
616.81 281.455
358.304 468.387
749.658 172.988
743.089 246.088
689.966 231.096
300.412 482.152
627.661 253.332
293.746 522.127
738.994 134.786
569.78 292.794
440.19 350.085
404.457 323.033
614.54 291.826
636.747 262.248
594.057 184.956
469.71 328.618
693.328 257.217
668.535 275.401
296.357 539.166
602.018 258.059
734.749 248.588
770.075 143.31
614.245 167.097
773.906 195.341
607.739 291.774
593.734 230.229
280.027 534.955
338.001 462.27
735.019 145.563
269.033 497.121
784.329 173.91
371.376 353.261
534.836 244.172
392.55 326.022
429.271 353.9
712.09 166.41
589.741 286.556
775.808 157.004
486.258 279.453
622.153 286.389
188.836 706.247
266.58 514.911
211.028 619.762
696.506 186.989
460.996 308.832
749.595 262.286
447.321 281.844
534.672 283.798
644.517 163.668
746.56 160.984
473.039 270.192
786.107 251.628
301.279 535.852
763.809 218.064
617.572 280.399
683.816 220.032
327.892 401.294
506.296 340.496
789.116 242.856
482.312 317.268
549.292 324.459
544.491 297.376
315.113 420.988
432.713 301.903
335.545 433.548
279.955 523.5
620.743 265.076
442.955 299.348
202.229 786.588
513.386 270.705
489.251 238.64
772.187 226.013
656.472 269.929
794.274 108.808
290.443 537.747
696.049 259.212
249.557 538.612
774.354 95.5056
610.535 214.16
720.159 165.588
631.876 257.755
672.062 265.815
764.882 119.093
671.076 234.165
563.602 185.102
735.615 193.292
255.551 571.831
240.659 589.062
693.538 275.571
663.132 284.958
467.286 267.814
559.671 279.36
428.052 319.112
756.395 241.385
631.029 179.858
712.748 207.237
628.91 178.369
182.235 730.149
394.892 324.67
569.571 310.971
333.005 468.373
430.116 379.824
342.273 428.86
401.982 384.312
676.577 175.665
243.407 656.296
586.951 299.881
298.908 525.622
344.454 426.851
791.781 175.319
211.419 643.573
605.972 256.397
664.217 142.738
516.691 317.389
698.813 191.083
710.883 199.744
739.87 247.223
448.099 388.432
420.412 359.59
465.824 324.937
577.043 259.291
223.255 629.443
760.895 237.226
332.611 469.531
296.468 474.255
628.485 159.445
671.202 194.472
777.933 229.673
252.621 631.002
404.949 331.294
539.995 245.172
398.509 401.186
278.422 510.467
621.7 185.432
759.972 158.132
743.759 244.392
443.058 318.242
433.82 305.362
184.682 715.872
397.193 328.865
321.556 471.781
730.363 154.881
239.181 642.673
321.878 496.588
384.898 431.797
649.623 276.591
563.29 263.002
530.144 284.902
649.622 190.375
526.991 218.214
678.735 280.835
589.094 240.583
673.246 272.906
594.31 304.143
230.444 613.211
294.385 530.194
736.561 261.928
407.593 292.936
581.598 229.64
599.788 195.744
799.856 144.129
375.65 348.929
750.231 219.23
520.104 273.29
761.316 224.653
201.219 744.085
589.965 264.803
541.397 209.911
206.04 700.111
285.345 540.184
549.526 249.554
689.371 188.949
768.879 117.637
299.095 540.52
543.196 206.298
323.563 406.511
608.984 165.958
674.938 228.419
509.463 344.815
505.431 332.067
522.208 291.795
373.649 434.918
743.999 159.781
177.579 797.716
492.381 344.439
570.132 304.136
215.846 720.455
377.542 448.71
350.084 475.123
508.958 342.144
268.354 538.187
704.195 274.004
419.824 377.153
257.389 575.966
762.044 184.591
471.014 320.353
352.047 358.487
366.371 433.188
513.149 230.221
202.949 711.626
721.598 259.837
266.164 612.457
183.555 746.81
449.933 373.761
682.819 158.906
725.734 232.824
380.555 393.562
682.534 130.719
799.392 153.184
550.287 299.045
666.567 199.537
572.521 243.579
760.413 197.478
571.436 182.436
280.17 522.892
515.842 293.221
270.653 582.92
656.235 210.765
280.523 534.157
283.123 583.829
420.722 318.626
218.372 703.666
342.618 408.372
208.848 655.843
592.002 241.575
792.167 116.395
523.573 238.909
562.958 242.646
664.881 253.554
740.515 168.141
370.198 432.937
459.744 291.727
463.29 360.555
720.387 189.868
419.876 329.62
404.941 370.116
426.487 394.603
414.879 350.361
218.995 674.962
223.753 663.193
717.076 210.818
489.35 333.553
209.655 717.644
773.093 106.735
441.458 268.343
749.48 137.734
322.804 451.008
327.589 484.308
600.358 190.46
417.289 351.055
307.445 419.406
589.393 195.533
731.942 199.706
523.527 299.048
398.521 317.695
420.18 287.124
515.349 229.421
287.799 489.993
525.125 314.879
303.44 521.74
554.2 291.937
203.506 640.222
374.535 456.66
554.823 215.138
429.645 383.936
535.902 295.599
600.521 306.019
436.94 359.106
343.419 445.716
637.292 256.599
195.912 780.037
328.948 407.098
265.213 489.277
352.724 448.006
629.033 180.379
393.7 345.985
584.968 288.089
561.734 236.132
346.352 358.014
419.527 335.611
398.662 418.459
283.68 468.384
291.972 541.069
243.605 652.243
288.331 548.207
668.528 262.175
205.697 732.622
344.354 468.107
714.852 129.744
185.742 745.001
796.097 139.177
376.583 340.72
731.943 129.694
252.145 571.167
725.871 144.075
424.242 379.509
702.82 185.725
349.75 361.15
681.298 223.95
777.516 126.585
563.191 198.089
326.224 481.565
558.607 297.657
624.431 250.795
523.452 303.408
521.933 221.984
635.224 269.751
446.144 281.724
209.835 765.181
738.946 178.46
208.402 706.556
493.362 283.623
636.737 274.929
660.659 238.379
262.387 526.767
193.675 756.959
686.531 255.344
534.138 245.223
626.725 223.638
332.337 399.437
376.375 416.925
732.581 271.48
579.295 213.072
634.083 192.229
219.288 661.706
744.551 242.264
650.572 184.187
293.276 530.108
725.455 242.667
446.512 316.619
202.533 680.928
327.859 458.74
506.148 270.365
673.87 234.093
318.625 405.752
272.437 525.692
443.454 312.981
206.536 707.071
294.161 504.037
524.138 293.523
270.106 517.976
505.66 231.182
715.323 176.234
226.722 650.123
199.379 701.593
536.879 298.909
375.157 445.448
603.623 185.493
454.43 338.062
201.051 786.669
415.66 379.592
785.27 152.14
304.067 488.127
652.908 283.764
409.735 367.096
192.563 684.448
603.386 196.375
759.523 261.247
781.686 122.096
453.765 351.616
448.752 341.628
542.854 250.744
460.58 292.24
747.294 129.059
260.847 518.854
568 214.141
495.886 337.443
441.09 386.935
248.794 654.774
354.902 470.739
436.253 290.226
196.294 724.749
516.963 225.49
245.976 541.75
600.44 184.527
345.412 406.054
403.332 408.591
517.857 231.701
210.643 780.38
263.271 588.276
645.107 196.08
560.716 190.824
659.71 212.591
487.052 281.046
738.968 227.444
339.343 387.388
716.179 153.976
377.123 368.19
628.363 243.436
358.97 467.476
576.722 294.681
450.729 327.563
675.856 256.204
491.757 262.67
571.39 207.238
390.081 334.616
688.324 243.982
634.468 280.167
729.979 173.302
482.92 275.567
532.415 216.003
190.301 764.877
369.037 339.106
603.589 197.111
332.313 476.741
254.925 545.015
566.477 229.228
676.757 174.219
752.516 259.204
661.16 252.265
282.584 570.584
297.108 521.795
407.967 411.798
513.695 332.037
695.109 266.213
789.737 164.505
361.458 386.03
534.682 286.795
778.06 139.967
684.038 220.022
553.654 201.935
549.637 230.788
355.969 385.577
233.778 609.763
435.715 335.715
288.018 485.09
695.02 240.109
645.067 269.58
660.278 216.495
593.011 184.357
612.072 264.224
446.125 328.349
335.06 461.529
717.462 229.422
532.943 308.579
218.98 720.472
798.434 176.641
574.945 287.585
712.2 266.783
668.705 176.755
307.026 472.265
214.827 726.912
734.909 150.078
789.054 199.501
730.614 237.437
708.072 156.085
627.325 197.971
307.21 421.563
705.991 258.351
313.662 414.721
626.614 198.717
594.92 178.804
545.11 316.303
320.219 435.353
477.781 254.373
249.426 621.465
763.697 215.06
705.131 190.115
359.763 430.489
760.188 242.773
239.852 567.013
344.481 417.557
358.589 412.008
411.923 361.224
250.073 546.936
686.565 269.844
784.534 186.124
550.281 266.528
286.945 490.222
207.148 690.722
773.527 158.658
589.093 180.368
588.865 181.953
480.159 289.604
285.922 514.861
436.538 386.032
378.703 347.407
360.864 354.253
251.108 607.954
383.647 421.113
796.371 179.595
708.777 171.219
496.883 341.414
314.863 444.795
411.558 350.575
432.202 383.15
463.043 345.488
466.326 304.818
717.342 238.123
703.84 184.82
324.556 431.751
419.029 312.027
757.521 245.567
369.037 424.476
629.714 231.597
702.543 209.165
637.467 236.592
642.734 193.884
773.174 126.817
409.622 406.475
199.912 670.605
431.933 286.515
256.877 579.276
643.85 204.68
720.412 254.007
756.987 213.099
456.609 259.715
607.427 230.54
756.033 153.33
716.242 183.166
186.634 728.943
374.052 348.949
318.152 432.491
347.872 383.29
630.47 201.303
371.562 407.676
725.29 196.885
589.872 284.354
550.863 246.192
676.876 153.69
683.704 272.682
369.255 452.578
477.486 354.826
706.51 120.467
693.44 190.681
582.12 264.065
301.298 508.443
782.588 186.067
444.929 272.746
698.359 202.862
648.614 268.642
739.088 125.949
427.355 333.411
270.963 497.271
488.058 350.999
717.253 180.934
686.144 261.403
476.747 246.27
492.469 322.207
554.219 268.516
478.756 296.681
354.703 468.42
205.778 737.804
635.492 180.365
759.752 203.182
231.06 574.827
721.837 227.302
576.451 221.991
640.703 189.118
326.042 436.736
467.598 304.078
376.78 453.396
402.836 307.118
581.154 194.983
236.982 643.003
193.089 727.656
494.354 306.733
518.737 284.069
463.204 338.845
739.562 238.522
191.134 786.823
230.142 615.976
552.806 229.112
780.552 194.688
550.091 300.683
320.605 494.674
645.032 187.262
656.95 192.047
750.096 243.299
666.131 221.975
750.562 145.15
759.279 253.703
477.482 290.72
505.773 303.288
678.058 225.561
497.541 258.21
618.926 276.733
616.547 283.933
307.914 459.624
233.843 620.902
520.746 278.587
511.052 317.95
177.592 774.045
338.604 411.813
553.514 313.841
453.448 370.774
368.894 389.921
546.408 211.695
568.674 254.257
785.16 216.569
280.547 514.855
397.387 411.043
384.655 380.52
526.638 310.645
284.512 574.15
796.332 231.13
770.861 178.564
745.27 151.54
221.371 660.619
733.125 191.8
590.273 211.348
206.723 686.185
313.331 432.758
631.483 271.122
243.285 625.568
292.676 507.808
328.935 383.271
660.135 212.12
384.038 342.236
728.928 162.103
523.571 286.828
770.1 179.646
594.081 255.479
750.221 123.935
486.369 314.337
483.493 260.571
389.508 357.45
194.819 770.792
326.151 393.985
747.925 107.188
793.399 161.419
333.93 486.698
195.516 723.207
383.547 360.528
567.212 322.593
206.021 754.351
406.832 394.802
564.277 232.939
500.224 332.034
194.626 723.541
696.593 146.774
796.477 252.936
512.161 301.156
753.574 215.259
673.77 249.307
522.665 291.211
290.718 547.302
357.863 398.65
376.954 408.855
674.56 140.325
659.49 218.08
213.591 727.378
425.11 293.142
371.172 423.056
546.196 236.026
182.858 739.841
522.289 211.03
686.802 211.378
588.525 262.001
516.615 326.342
596.229 309.195
662.5 139.768
585.363 208.023
709.428 243.889
676.538 238.114
402.265 425.116
320.657 462.062
454.382 300.022
194.318 714.34
733.167 138.191
771.469 147.188
278.343 530.559
611.9 199.102
324.774 461.551
334.436 430.395
423.831 279.804
783.474 99.3642
329.422 512.145
194.787 780.098
721.947 220.266
731.759 175.134
376.761 432.175
697.586 167.728
343.776 455.387
775.106 216.792
694.235 194.512
593.557 264.888
315.088 463.539
792.418 159.709
277.553 558.367
711.634 204.737
798.907 191.535
299.708 555.078
616.194 167.814
349.156 355.747
429.211 381.52
726.113 271.634
612.672 246.16
179.771 749.268
283.901 481.014
584.379 194.921
608.726 191.787
596.418 186.576
253.946 530.184
541.351 210.785
675.5 232.031
455.851 286.145
682.687 217.839
235.381 585.458
791.876 174.59
478.602 337.286
794.638 192.198
263.54 577.13
483.447 298.196
416.885 333.366
208.117 749.437
234.012 620.177
703.501 235.845
297.318 553.386
730.404 225.007
575.579 246.393
466.253 289.025
795.913 98.659
722.257 196.114
528.126 264.162
465.337 293.332
732.387 219.627
392.513 385.684
279.218 476.922
469.619 290.709
268.253 476.973
355.334 412.645
290.284 516.014
339.54 421.02
657.254 237.791
356.403 385.369
608.493 229.076
491.087 337.583
340.722 442.773
535.786 310.124
580.336 290.314
741.992 236.15
463.864 318.524
630.445 226.38
244.248 646.979
460.453 373.238
728.64 223.037
462.766 365.16
216.263 637.76
307.742 502.451
273.644 503.935
691.619 219.794
484.715 327.557
722.216 156.149
587.099 250.178
777.908 218.423
668.208 254.958
196.809 662.241
221.806 712.622
271.713 557.916
788.195 244.912
664.15 288.226
510.411 287.026
445.012 316.594
428.084 389.045
324.729 512.772
776.589 228.896
743.162 155.24
773.797 96.6179
706.645 181.903
583.253 252.243
563.299 283.002
315.381 489.292
382.816 379.87
568.787 220.047
280.186 472.888
652.037 283.672
359.212 355.662
631.799 259.985
286.45 551.064
472.927 347.797
459.193 371.22
500.354 266.346
220.791 744.633
351.386 449.743
575.434 249.945
393.396 347.733
360.429 387.359
770.338 182.178
777.535 248.606
711.66 210.436
356.337 458.938
293.507 503.458
208.111 660.148
239.193 621.235
685.041 178.689
493.718 251.807
681.754 227.028
428.697 410.003
176.44 780.599
599.101 299.518
399.26 386.674
790.631 166.381
687.823 225.482
621.783 297.481
790.817 201.294
434.105 312.439
317.927 433.216
587.735 264.07
730.327 164.865
313.958 512.152
724.52 222.299
213.079 674.011
452.134 266.217
639.436 266.942
444.68 372.99
370.255 340.091
267.11 572.771
289.761 500.863
748.968 174.1
420.442 348.577
211.836 726.665
236.052 564.223
399.482 377.069
515.265 223.009
605.514 204.943
658.513 227.821
678.966 225.976
670.066 243.375
732.349 183.87
770.075 155.006
424.285 378.462
296.346 465.767
654.122 266.577
777.673 104.734
774.711 161.1
768.422 148.148
222.599 695.654
749.517 215.3
432.551 390.404
592.504 208.118
379.461 379.99
317.614 497.983
607.737 197.7
543.788 253.964
261.741 615.894
536.899 332.337
634.469 285.38
696.582 218.07
673.554 259.221
309.498 485.663
322.382 494.687
787.412 184.27
244.955 577.823
433.529 376.158
639.042 213.323
694.403 160.937
735.117 268.041
458.898 333.392
339.249 452.623
356.679 453.714
503.419 332.902
684.479 240.672
661.152 184.047
690.974 174.444
478.349 265.006
670.184 274.581
250.759 610.362
648.462 188.828
259.979 602.847
755.231 183.48
512.309 314.828
608.434 204.405
640.423 261.352
630.985 165.461
471.229 296.019
207.46 658.739
730.53 187.137
306.089 525.798
667.661 236.944
336.221 459.676
622.249 292.797
266.204 566.204
332.684 464.211
217.62 722.674
290.98 487.127
277.472 595.065
577.549 277.841
561.286 315.544
175.883 786.798
591.497 202.159
493.394 251.265
431.913 367.33
672.389 273.79
420.649 360.225
439.492 373.599
444.195 346.812
361.384 376.149
311.946 537.222
767.903 166.881
683.363 230.203
552.605 304.079
192.798 771.836
287.853 485.42
293.173 552.298
704.873 154.165
594.962 224.4
542.893 239.363
350.142 358.95
495.055 254.196
372.573 408.18
424.508 374.634
687.555 132.941
660.916 182.25
715.752 133.841
390.865 383.009
284.565 475.586
367.042 447.832
381.586 367.31
638.518 176.414
254.989 530.411
661.636 273.242
218.192 653.972
403.501 380.433
484.595 267.474
748.932 171.994
280.471 519.08
531.379 292.95
528.114 290.431
662.18 225.694
257.706 526.074
747.67 150.444
691.956 230.415
580.403 213.756
766.581 212.013
212.996 649.603
636.894 211.087
264.471 615.566
238.558 549.615
328.524 503.566
468.048 309.443
771.654 179.106
570.722 296.109
558.282 277.491
451.992 375.54
404.701 364.07
254.474 514.637
326.792 498.836
201.494 664.51
247.134 671.667
564.863 305.741
707.998 130.886
432.38 357.375
378.359 448.523
704.039 209.665
328.594 447.79
357.241 445.006
665.147 172.319
356.52 450.094
421.997 403.181
771.867 152.079
693.49 185.128
702.294 194.134
433.443 358.401
372.938 342.826
292.73 539.114
286.096 526.14
582.635 201.529
709.064 147.385
539.367 286.196
657.69 247.539
209.021 757.187
214.592 699.459
508.147 311.429
308.257 487.296
470.004 286.317
515.616 248.455
696.388 145.708
701.049 237.985
573.241 284.859
685.2 262.983
497.509 328.743
246.539 637.2
247.665 579.193
309.431 436.763
501.451 234.129
314.488 482.512
363.8 406.075
297.066 425.751
426.919 322.663
681.321 249.041
799.474 190.792
376.697 337.698
496.597 236.694
666.974 242.296
698.641 166.279
637.755 159.791
213.618 739.267
574.831 301.621
674.182 143.577
644.791 241.023
755.326 254.309
780.923 173.02
402.497 376.011
759.332 233.303
361.122 416.039
237.779 644.383
193.531 748.58
381.265 373.398
366.758 392.624
675.896 257.915
690.36 136.522
214.716 640.275
189.297 757.372
248.013 557.954
364.212 411.816
611.33 302.922
539.927 216.411
215.975 684.714
481.1 269.965
439.574 351.747
768.027 156.887
415.395 384.988
281.179 463.518
573.381 235.834
528.836 327.762
251.168 638.979
410.096 419.934
428.685 300.419
735.857 146.611
612.177 168.959
450.797 325.111
646.167 166.331
776.041 159.587
763.068 112.59
536.278 285.766
245.721 633.478
207.901 721.792
775.39 172.657
579.983 204.425
325.859 467.493
628.086 238.515
798.619 165.076
491.942 296.652
552.463 291.691
750.899 175.592
583.204 203.414
767.259 181.886
220.192 616.606
511.704 246.09
515.222 229.743
536.697 234.693
553.274 304.87
703.219 256.798
733.398 253.261
739.066 121.151
601.247 266.796
195.247 785.868
776.872 187.375
340.98 435.887
315.992 450.322
329.44 469.463
323.951 497.526
646.876 185.914
574.283 255.986
491.973 309.319
357.9 392.24
396.192 369.075
311.753 449.305
454.194 274.735
280.938 507.819
497.56 243.537
666.765 184.324
381.242 353.243
671.326 152.216
795.589 253.029
572.116 269.123
258.112 577.86
581.282 262.585
769.59 180.749
617.99 197.076
482.947 300.095
212.969 695.977
190.539 782.023
652.827 266.389
581.24 293.984
484.676 237.78
757.082 176.332
583.873 215.794
357.557 377.334
499.645 327.779
218.97 622.133
374.723 372.45
684.795 216.869
339.284 460.045
779.778 125.882
416.14 312.697
695.044 216.286
390.719 399.339
454.565 261.802
512.357 253.164
791.884 138.018
334.781 455.67
467.247 350.052
248.553 635.879
220.539 635.318
478 370.545
762.089 161.932
410.167 373.856
464.759 259.093
426.969 379.36
226.538 711.099
659.056 176.725
584.502 278.198
538.373 262.873
407.171 412.821
516.412 300.386
716.55 181.211
748.392 137.318
244.694 618.02
376.284 436.396
359.977 391.032
695.83 240.604
456.355 315.528
684.167 167.223
440.6 395.243
594.622 200.798
362.041 357.653
609.627 234.494
208.82 751.974
464.041 349.258
784.953 250.605
536.886 298.909
199.632 716.224
735.19 217.962
201.017 653.548
395.161 406.273
378.613 325.785
599.026 254.07
571.955 318.669
668.625 147.042
790.731 241.358
589.388 214.627
748.218 124.208
391.749 322.879
633.222 210.111
500.37 284.859
656.423 282.41
475.77 335.9
430.783 338.841
599.868 219.252
350.819 385.88
420.372 355.665
227.886 680.241
270.541 618.622
522.545 324.418
569.934 324.443
533.367 304.857
573.247 184.929
346.022 469.951
509.002 280.484
202.068 676.694
650.485 168.819
239.691 640.489
211.997 693.972
781.661 175.466
405.814 302.679
549.571 208.524
789.418 113.858
531.408 227.007
753.749 260.999
472.178 311.368
684.647 144.978
752.737 214.58
363.152 418.76
578.198 266.232
426.105 288.564
544.328 237.485
732.796 135.843
309.303 436.398
725.263 194.87
217.248 740.125
532.926 296.005
663.974 271.814
633.194 238.185
659.614 253.96
559.509 289.264
199.042 695.523
696.168 149.905
586.441 287.076
336.401 447.668
362.312 440.458
569.817 192.446
733.258 140.43
416.263 289.514
229.175 585.054
304.624 478.02
425.623 326.669
206.995 706.915
735.842 146.812
267.794 577.079
287.288 489.225
394.823 343.304
598.081 267.384
551.695 233.8
487.34 291.157
376.315 385.413
223.348 585.324
288.914 556.579
402.321 362.594
461.678 348.342
373.094 387.055
702.214 254.63
316.933 430.793
774.619 135.754
554.099 292.289
375.695 430.702
733.82 134.91
231.728 585.322
201.215 707.03
706.85 256.095
695.954 181.9
782.706 205.97
367.641 353.866
510.507 351.413
230.061 669.813
602.414 182.013
346.352 374.433
496.992 299.597
331.799 393.93
430.617 395.969
498.75 312.862
194.225 751.432
479.282 291.837
506.308 278.244
514.554 305.024
636.433 172.246
543.726 245.023
749.931 154.39
743.599 211.126
236.98 619.516
652.799 157.668
639.214 234.189
472.491 299.354
292.237 485.042
504.532 289.782
570.72 233.567
412.783 357.588
199.066 716.466
744.432 207.328
791.699 222.317
363.622 343.878
308.388 452.104
586.66 246.173
593.667 187.68
787.831 122.473
573.28 213.565
594.399 268.223
313.273 493.695
765.402 232.548
260.644 608.772
349.135 403.599
422.976 302.553
342.033 362.49
228.828 608.953
209.251 738.724
461.124 318.131
564.895 188.031
359.113 355.441
295.63 556.108
578.794 182.74
748.901 119.464
482.052 246.346
444.924 290.318
545.854 275.541
253.767 568.321
345.124 394.117
623.802 290.387
596.746 267.302
196.117 722.813
751.579 133.747
671.413 274.99
385.74 376.902
239.897 672.549
247.611 531.569
736.538 220.19
644.096 248.215
352.903 389.281
441.4 358.153
392.149 415.347
599.192 222.998
242.429 594.604
736.737 230.018
198.245 662.986
391.682 370.664
542.295 276.828
633.969 271.748
435.219 398.175
205.222 719.834
378.087 411.566
333.888 384.527
507.344 258.495
767.802 112.827
332.18 415.335
409.845 362.507
548.216 321.401
357.007 401.968
518.859 309.443
755.46 186.672
781.854 156.189
547.039 239.882
764.443 198.05
729.108 200.278
715.788 191.948
212.385 666.283
582.304 298.025
384.036 415.625
746.917 235.52
652.741 212.15
608.332 272.758
495.194 312.886
355.936 466.271
434.282 339.176
628.655 278.985
776.758 108.538
784.184 232.694
641.26 292.85
772.874 116.647
435.934 311.974
592.02 220.031
402.37 321.129
676.757 199.34
331.576 421.681
296.262 519.881
297.369 542.75
528.313 257.519
680.183 224.587
770.985 120.133
645.442 251.564
773.309 248.341
715.683 241.06
500.786 294.944
338.925 390.056
787.035 157.868
411.238 368.256
379.509 451.764
307.816 502.368
662.474 234.584
517.989 260.05
414.066 293.819
783.005 208.194
572.659 231.017
765.622 174.124
249.661 562.882
735.984 130.484
776.866 143.226
207.107 795.37
427.073 284.775
306.01 486.537
668.34 186.165
223.709 605.948
697.556 171.693
673.395 260.742
236.419 698.285
773.937 99.2953
511.523 244.227
621.836 292.265
478.57 361.13
367.018 378.898
637.114 287.001
320.565 409.633
389.99 327.397
229.223 663.771
526.074 315.636
470.812 316.383
301.975 494.278
405.554 353
372.556 381.613
497.803 275.528
392.432 381.888
355.497 393.305
407.605 389.647
757.098 168.093
287.62 524.975
407.675 373.713
540.456 221.627
585.996 177.285
467.867 279.427
651.824 227.147
457.598 284.655
368.846 368.437
485.658 263.8
285.111 480.939
666.241 153.725
447.001 299.649
794.838 209.68
562.904 252.419
598.306 217.435
780.931 134.098
584.018 306.646
777.045 140.758
432.777 305.527
644.469 226.023
309.559 448.087
675.529 272.536
409.975 323.938
212.861 718.912
770.974 162.918
435.778 318.088
288.89 547.78
683.201 179.597
364.716 429.175
792.153 167.873
239.432 612.898
493.28 268.741
263.202 616.067
340.382 379.522
482.83 329.187
247.284 622.555
318.039 509.029
685.535 263.138
581.372 260.178
206.328 681.163
776.354 180.965
606.008 257.947
526.982 227.707
467.635 302.908
545.251 230.281
253.771 645.196
480.387 343.344
503.666 338.857
337.613 478.241
720.573 265.184
380.134 414.807
576.023 283.753
471.022 339.593
229.481 712.911
416.084 382.474
263.611 584.299
563.862 199.301
789.781 137.052
312.393 493.182
310.814 472.441
223.568 637.663
665.594 200.44
737.077 158.444
260.076 492.254
670.131 211.566
588.269 261.82
750.726 149.004
237.707 633.208
634.63 191.299
683.671 238.659
633.266 205.211
397.421 361.697
297.825 447.575
310.274 441.371
446.435 353.356
762.4 178.038
747.738 168.617
326.417 402.556
763.454 211.205
637.465 170.71
630.064 177.962
774.343 226.86
541.365 261.494
211.39 665.931
563.897 302.349
591.925 295.738
698.228 271.325
383.402 361.427
579.331 281.634
283.087 571.523
749.164 127.658
703.892 231.634
381.115 407.985
504.913 314.524
512.488 214.311
258.903 567.234
287.828 537.199
405.893 395.989
699.924 151.43
493.023 252.063
333.357 422.461
341.577 430.486
695.919 276.157
586.004 301.989
764.015 136.517
660.283 153.533
457.992 369.441
219.59 645.577
592.571 172.087
220.671 672.338
586.721 186.51
685.966 210.904
397.078 330.327
304.699 536.353
202.929 740.462
710.88 214.162
251.235 626.693
266.008 500.1
309.185 541.71
691.586 273.719
750.234 140.842
676.265 157.388
463.389 264.009
554.943 210.359
688.172 237.914
665.813 228.308
454.194 297.619
195.968 782.221
491.519 273.395
565.824 263.786
411.08 387.251
188.922 771.774
635.006 257.463
268.815 509.507
580.394 186.696
235.005 631.434
383.469 430.469
553.103 270.906
440.223 320.539
626.252 275.054
543.721 263.343
312.54 492.903
435.415 271.998
752.696 137.589
243.197 637.459
288.46 466.033
710.344 212.231
724.39 151.416
484.5 292.305
246.386 586.887
578.919 268.837
458.713 318.617
183.49 795.52
479.513 243.177
424.498 402.576
301.907 450.406
637.798 179.176
599.575 240.254
509.105 252.558
336.759 400.226
426.996 292.322
257.751 536.961
233.544 703.788
550.834 233.892
537.036 281.41
302.001 487.524
393.314 333.136
687.852 266.427
734.526 127.227
230.227 634.278
406.146 408.219
229.883 688.066
755.1 111.421
249.661 646.598
650.8 173.261
210.36 709.347
607.928 274.947
241.214 597.606
232.374 633.572
778.389 157.652
181.218 797.863
416.065 368.967
772.952 178.44
317.198 462.518
460.19 311.689
245.543 532.281
791.878 215.465
768.24 173.993
437.915 360.853
233.266 653.37
495.567 301.35
451.213 378.396
237.262 546.668
270.228 576.882
299.948 440.858
521.809 254.41
560.052 301.746
544.263 211.264
372.123 385.599
365.471 423.135
473.902 364.559
262.512 587.849
333.666 449.289
658.982 195.953
324.709 476.618
735.614 242.055
317.231 425.589
545.304 266.57
217.547 733.751
318.201 505.316
253.611 545.357
544.537 215.962
669.338 267.479
198.967 676.185
224.391 713.702
343.165 427.798
630.298 199.26
796.075 121.47
231.904 635.807
196.067 689.27
580.014 198.333
307.935 530.522
743.26 238.453
271.448 573.959
603.469 164.05
203.256 750.535
267.757 520.835
302.209 419.271
434.847 334.911
706.973 228.286
762.174 258.456
627.051 233.411
714.647 178.728
256.767 596.226
455.77 289.04
590.544 207.036
421.712 294.944
385.982 416.765
213.695 677.266
654.48 280.162
417.313 395.754
653.647 184.869
548.844 329.4
588.045 176.524
187.972 754.19
318.71 504.256
610.647 228.048
215.541 747.213
545.192 245.701
331.246 406.131
641.375 203.13
562.998 203.186
557.65 198.809
383.617 356.55
569.03 218.277
727.144 148.104
270.828 542.425
227.103 701.327
675.235 259.605
446.264 356.436
236.816 593.488
325.734 463.007
589.179 296.944
183.253 744.859
554.112 192.662
441.655 382.835
602.366 242.468
297.82 441.657
558.133 287.776
287.984 480.063
767.977 145.543
799.244 113.883
610.826 242.457
386.879 384.337
750.788 185.856
447.425 326.446
245.485 638.434
482.344 321.012
343.378 366.748
693.916 240.836
691.65 239.879
635.506 277.469
250.147 623.004
604.331 294.721
481.192 243.644
589.132 307.642
349.649 464.729
433.709 331.854
506.021 272.845
721.135 194.778
322.593 422.906
551.035 220.576
716.824 165.499
755.287 242.598
633.366 263.24
571.676 233.18
575.233 182.416
220.355 658.315
590.58 210.94
295.168 511.379
429.006 376.063
296.198 459.244
301.172 537.243
615.112 275.544
440.876 284.273
590.586 295.315
748.831 241.818
255.07 510.811
736.931 142.56
316.973 405.356
727.116 230.564
679.137 255.097
514.151 328.745
723.438 230.751
529.05 258.669
229.276 652.179
348.981 441.086
667.978 259.683
748.792 141.255
181.138 793.515
557.34 194.027
503.554 268.279
211.645 695.062
416.11 337.419
365.777 468.809
548.639 225.92
621.729 293.504
311.888 470.371
401.556 364.307
572.107 191.047
754.898 200.955
301.253 439.558
376.706 427.892
560.829 292.691
290.507 529.142
569.555 292.86
562.063 263.529
324.295 449.896
612.271 209.851
361.445 349.346
752.324 176.234
226.009 609.036
643.268 251.474
503.85 287.717
687.438 246.945
607.799 254.76
645.416 232.927
331.431 448.362
781.445 144.105
682.722 174.456
646.455 199.588
307.791 489.672
584.163 200.185
417.97 309.807
614.814 174.626
265.257 527.167
714.397 179.018
452.954 373.053
426.304 305.338
193.742 796.877
460.004 366.938
385.45 404.49
500.721 257.465
257.061 626.01
651.648 173.236
598.325 185.211
763.336 219.9
734.716 158.802
573.554 228.986
186.597 723
797.222 112.792
317.267 451.556
599.58 180.175
642.717 159.103
172.709 777.783
339.491 456.289
651.141 172.268
462.799 307.705
556.024 193.926
557.101 264.557
676.732 277.623
484.934 261.358
604.931 243.973
564.679 271.45
407.377 372.17
675.243 146.945
565.546 259.177
624.273 166.272
209.986 724.812
353.973 461.784
293.112 552.64
317.978 417.342
263.767 543.548
385.191 386.845
435.491 329.742
216.266 658.798
777.982 115.665
351.183 413.261
243.201 588.237
421.804 350.322
232.627 566.535
256.505 632.122
359.799 384.657
709.332 234.431
524.169 343.938
451.31 369.725
345.357 399.82
341.973 401.552
678.514 198.083
388.992 437.832
724.152 148.784
666.276 283.633
691.13 274.726
662.103 145.676
584.215 199.803
548.993 261.224
454.388 351.072
199.535 796.001
200.568 786.692
203.709 752.912
289.189 469.108
511.929 288.539
546.732 313.729
606.805 271.063
364.028 445.641
544.905 227.151
583.269 235.536
479.129 323.463
714.523 151.413
241.055 645.891
307.467 489.861
553.806 201.378
366.595 420.059
625.292 244.757
786.89 185.889
254.357 553.211
757.693 141.098
215.957 696.091
417.478 396.343
795.797 145.141
350.145 401.787
208.414 737.457
670.851 250.882
364.848 417.334
753.329 218.832
722.546 167.338
578.773 202.469
639.801 164.277
366.94 386.032
296.56 507.805
633.667 250.302
631.421 289.525
483.36 244.9
524.212 237.84
519.522 235.644
685.035 217.59
361.805 390.453
705.146 163.061
573.427 231.216
356.119 389.496
456.316 363.876
786.816 247.335
617.35 226.02
394.193 380.987
301.758 530.848
593.941 188.854
599.357 216.013
634.166 162.474
269.909 597.878
606.799 182.558
623.549 293.905
691.581 160.007
254.417 519.267
747.916 256.891
766.294 172.116
359.82 369.836
588.893 271.349
293.907 498.794
526.008 277.357
596.672 231.063
300.932 518.56
449.437 377.329
341.612 391.291
643.079 220.636
539.17 224.883
788.053 187.924
769.091 120.912
659.001 250.865
179.337 759.445
190.553 760.119
644.911 217.98
315.458 440.776
489.558 261.743
796.068 203.341
397.513 373.558
