495.828 281.505
202.747 718.998
608.687 160.462
527.534 308.283
747.148 235.493
547.441 215.991
530.776 237.071
545.162 298.534
746.113 199.544
758.168 156.761
663.689 286.137
390.927 389.271
629.817 194.413
377.277 427.502
590.957 243.578
773.054 134.978
634.416 268.734
255.376 621.474
275.192 543.289
189.969 778.532
642.124 213.059
696.785 255.728
289.63 501.994
768.872 130.748
575.025 261.741
533.624 241.073
345.413 469.486
604.311 214.757
311.371 462.446
713.138 231.194
418.182 322.435
479.926 359.793
635.069 224.331
296.736 530.565
440.803 305.227
738.615 142.787
319.208 497.315
597.149 243.528
251.42 646.896
576.593 303.516
724.798 147.384
447.793 336.487
745.384 216.487
582.759 246.562
451.025 284.587
231.674 622.272
768.506 146.43
595.532 273.758
208.872 721.159
786.88 186.902
427.094 344.404
630.738 204.87
520.411 324.236
622.843 203.931
339.852 386.984
565.176 244.927
786.825 204.488
558.81 197.915
581.548 273.631
645.602 247.961
470.177 279.112
206.118 657.359
577.643 297.129
585.333 192.836
440.066 348.648
534.808 217.013
379.176 410.088
466.103 269.884
512.181 306.688
794.848 123.647
508.821 299.81
636.506 293.822
597.301 234.389
589.933 290.27
316.26 457.16
639.144 166.41
585.606 175.49
772.728 130.628
233.847 638.277
487.643 339.334
269.551 552.819
274.736 481.98
377.122 409.287
449.627 310.058
722.68 223.603
696.954 165.88
208.562 772.382
798.447 251.854
372.381 353.928
437.437 360.281
348.697 476.235
674.894 243.364
356.2 377.151
210.164 745.455
540.38 203.141
478.462 265.9
231.327 586.955
356.457 390.665
252.826 552.242
289.755 466.804
408.207 354.831
432.87 284.034
207.99 757.061
265.621 549.653
443.722 326.725
765.298 167.497
247.663 658.545
270.48 546.078
652.084 264.441
570.151 317.857
744.484 156.731
481.724 352.601
681.619 161.247
439.715 329.488
203.431 672.026
324.611 416.408
445.174 329.826
470.944 298.536
781.141 218.154
233.764 650.809
419.335 395.579
233.128 662.096
795.963 225.275
326.125 404.462
419.386 383.274
229.511 624.825
704.294 251.879
291.015 509.162
203.424 639.606
745.605 173.468
771.333 100.179
247.5 544.996
715 169.181
596.467 307.235
415.754 341.526
781.273 112.305
620.745 214.323
529.101 312.353
763.999 207.978
374.788 425.367
284.628 463.875
661.715 172.351
748.904 154.191
391.601 391.727
770.129 116.36
660.205 197.216
297.041 453.951
218.526 693.025
482.313 279.321
504.064 275.282
410.347 369.397
445.622 279.17
670.349 246.792
465.847 344.532
734.817 132.841
264.397 524.052
599.231 243.911
283.048 480.095
477.64 295.726
705.621 176.311
510.782 261.329
555.116 221.581
689.3 175.779
656.678 171.586
423.73 320.198
190.681 748.821
280.538 529.983
296.448 555.946
247.307 526.259
314.511 474.451
613.602 181.166
478.695 364.438
653.921 258.882
479.82 354.776
683.788 225.399
595.458 267.255
223.756 613.033
350.171 380.764
520.615 263.735
727.542 167.139
207.891 772.012
547.342 319.726
391.729 378.064
193.577 787.455
596.494 267.964
260.577 607.779
472.374 359.914
607.035 207.873
284.476 515.154
241.908 569.303
516.928 343.313
792.946 151.2
729.09 155.551
787.349 242.43
576.875 213.443
220.92 600.43
571.731 183.495
598.796 185.116
529.192 288.761
286.16 494.073
765.502 230.283
259.425 562.768
436.59 279.846
695.669 183.154
635.899 198.054
513.823 299.899
342.075 436.068
412.658 311.518
266.692 519.604
749.517 126.301
338.826 433.726
508.7 289.315
524.75 295.82
394.954 384.99
596.057 289.436
669.49 265.642
518.633 293.017
392.474 319.005
426.865 295.838
626.043 257.087
373.806 365.773
407.991 393.072
197.332 679.025
224.711 603.794
423.424 367.484
227.021 699.88
171.306 797.283
539.22 213.512
508.969 240.338
299.043 462.603
452.822 328.863
682.241 156.751
739.574 150.682
238.874 621.564
794.804 198.618
602.547 242.582
340.997 447.772
558.412 296.008
221.64 615.239
593.94 236.369
503.793 317.871
603.316 245.109
224.625 730.993
212.97 729.848
252.945 572.022
265.07 552.33
772.121 196.955
385.805 385.712
226.214 606.814
425.471 320.991
531.297 318.268
327.99 479.102
656.643 261.427
397.575 365.318
777.748 247.668
192.956 716.431
483.789 304.807
585.999 220.362
632.015 233.367
663.493 218.609
780.608 177.687
709.926 134.242
540.529 337.982
518.836 244.845
557.883 195.783
186.5 797.234
661.989 156.555
431.457 393.221
684.128 199.466
506.997 235.141
701.73 146.306
720.319 139.988
301.046 449.098
504.13 229.316
346.468 479.856
516.418 327.173
637.3 230.971
212.775 650.798
476.672 330.315
596.049 283.212
232.552 679.131
678.616 232.482
720.718 231.781
783.266 229.967
401.933 419.609
709.011 221.685
509.147 289.44
488.701 279.228
502.764 352.402
735.071 256.445
479.588 348.546
221.083 688.391
643.126 188.526
292.417 572.612
489.883 302.254
267.859 516.097
336.078 473.955
599.188 238.434
350.36 395.201
507.272 342.169
313.954 522.144
555.052 215.043
457.211 259.519
613.743 227.095
768.584 229.573
751.323 229.834
296.666 532.265
586.056 313.984
348.898 449.148
493.33 274.018
505.784 304.323
346.966 479.801
725.978 198.247
500.161 277.56
227.675 606.369
685.404 178.357
542.716 288.009
730.846 185.906
250.417 585.802
729.515 183.675
392.118 390.749
730.557 255.281
598.019 233.342
252.901 557.479
670.745 227.962
347.57 462.734
204.202 719.013
611.781 242.549
799.818 116.944
791.151 131.898
647.979 259.77
684.408 186.294
654.983 240.235
254.632 601.949
234.083 600.088
354.586 346.282
666.868 215.94
659.131 209.535
761.549 143.582
192.915 683.19
454.119 342.491
672.828 237.92
598.913 176.274
441.95 329.153
291.344 471.401
420.905 382.869
558.078 250.941
405.723 373.254
373.657 375.631
753.071 126.368
537.928 320.103
754.156 165.027
539.603 216.152
327.929 486.604
323.632 470.187
633.829 250.309
463.769 327.296
408.375 359.317
550.865 288.866
379.371 407.186
198.789 694.187
284.505 472.559
230.712 566.986
214.453 740.773
741.505 125.059
334.937 435.017
461.994 288.57
214.751 725.605
620.989 176.548
650.25 201.48
609.578 290.852
794.742 105.091
197.896 722.69
445.195 301.033
703.674 206.309
602.03 242.854
559.901 247.736
375.586 349.879
640.691 158.122
760.8 168.845
601.107 207.086
468.539 266.996
369.027 356.465
274.464 561.148
190.807 759.771
209.079 737.322
788.265 165.846
749.241 136.712
477.876 356.902
707.582 272.041
477.45 318.822
607.061 208.403
797.23 156.142
764.353 148.338
638.654 211.58
764.281 184.36
741.014 155.406
794.556 196.369
441.019 272.955
478.153 372.855
205.467 705.05
620.219 219.792
455.569 271.77
535.303 253.666
389.238 369.615
198.419 663.273
271.183 591.863
753.848 221.283
299.834 539.513
540.619 243.895
375.135 432.683
236.258 637.585
272.654 506.722
749.332 236.067
488.043 299.207
629.866 252.061
209.15 686.27
504.451 297.537
280.178 539.598
314.764 458.394
640.624 215.325
735.399 120.179
506.351 328.862
408.004 302.998
334.636 474.186
383.376 398.687
678.827 273.517
258.611 537.163
581.425 310.621
742.674 215.104
397.051 391.796
773.658 131.826
344.329 446.383
254.648 510.044
630.263 231.251
360.082 399.977
325.215 496.501
699.606 228.518
300.299 510.095
744.554 161.854
374.812 375.928
440.461 286.711
761.876 258.917
437.947 382.219
518.423 242.116
429.172 343.188
372.565 328.621
654.798 197.386
676.127 173.467
213.422 650.505
740.612 127.181
390.76 395.571
584.615 266.871
780.229 239.921
686.394 198.538
324.367 511.032
607.32 271.705
256.263 530.46
779.414 129.667
690.102 212.285
641.008 245.092
236.178 658.043
291.473 482.252
246.732 539.39
537.864 218.387
445.49 297.173
273.512 595.482
547.813 300.626
361.687 468.727
769.518 127.332
755.033 262.589
577.52 258.948
660.485 232.68
225.486 580.865
364.857 399.824
222.272 622.032
383.892 341.996
416.909 406.778
762.108 116.21
597.673 206.215
418.043 306.575
636.398 173.864
764.937 169.522
763.239 201.232
680.604 149.48
511.009 262.817
289.228 464.837
794.464 166.791
557.779 224.492
387.084 348.852
766.724 203.981
752.445 155.025
607.127 288.415
699.735 194.623
553.473 232.479
780.087 196.299
614.804 291.333
262.393 519.486
726.929 181.222
446.091 332.211
743.919 129.592
425.842 371.042
567.353 212.136
576.025 241.508
586.584 181.493
509.82 326.016
670.076 265.699
757.868 154.2
299.731 522.159
497.013 295.438
542.454 252.054
213.991 731.528
250.221 560.545
779.638 191.162
662.892 160.516
440.738 298.488
262.692 616.375
484.634 255.325
531.529 312.5
435.042 330.296
706.011 258.743
365.756 405.629
742.17 148.151
620.404 184.342
540.822 306.523
386.966 341.319
300.077 477.856
238.226 648.311
324.711 408.035
619.32 239.415
220.748 664.559
432.392 362.416
196.513 718.365
365.753 447.464
742.891 184.046
732.919 147.316
615.187 198.034
381.237 334.429
487.878 233.74
510.868 267.999
494.016 247.684
569.454 290.767
638.019 212.568
790.961 190.506
787.612 252.662
326.695 434.235
299.298 526.746
285.882 549.649
678.631 233.912
404.317 342.679
598.021 220.545
636.542 276.919
212.914 669.166
265.155 541.194
250.767 548.635
653.469 201.805
565.137 220.02
603.473 244.756
469.072 258.921
356.26 422.153
742.132 126.347
538.678 310.744
260.663 505.832
299.003 524.465
610.804 262.488
469.952 363.801
743.725 177.767
629.279 200.899
562.314 233.134
619.95 170.848
677.146 167.961
333.415 398.691
303.32 531.757
791.157 149.319
379.512 356.66
631.629 232.973
547.655 284.028
695.509 136.176
265.214 542.088
249.88 556.207
663.539 195.69
657.226 200.738
497.288 288.028
437.822 396.577
629.874 178.862
503.57 231.76
545.013 236.919
732.685 230.689
660.286 242.499
458.815 300.7
323.365 481.078
518.004 278.299
263.234 622.948
634.049 196.166
401.746 304.478
677.184 277.654
479.425 239.863
462.146 276.34
467.935 321.635
799.653 135.703
468.647 323.927
372.898 376.106
642.002 185.329
645.263 214.155
703.304 251.29
299.065 450.08
237.19 611.88
455.696 318.087
397.368 307.157
393.738 341.014
477.922 257.618
252.478 618.974
339.335 428.361
746.249 150.794
419.876 395.117
608.711 269.701
738.784 132.82
593.758 217.761
615.032 249.253
536.695 331.418
408.285 311.725
445.158 289.225
595.066 207.911
456.68 356.891
709.701 221.646
299.971 554.347
726.447 160.74
433.602 319.204
569.059 295.814
778.71 147.008
169.063 778.055
423.657 295.456
222.628 670.025
333.029 416.36
275.012 519.221
631.527 278.302
656.866 151.185
644.002 232.54
694.076 172.109
555.23 196.025
436.043 292.033
391.63 410.466
674.665 172.385
755.971 210.646
542.068 320.993
377.592 323.555
598.288 219.449
763.444 123.144
652.57 244.053
740.994 258.558
686.478 221.148
751.476 230.757
361.161 344.136
619.953 198.215
798.044 146.184
635.656 173.64
515.096 276.43
273.949 467.403
723.318 214.23
530.264 292.708
668.539 169.455
700.006 162.074
584.471 246.299
711.054 173.344
317.497 436.84
226.649 685.009
719.107 163.659
394.006 337.321
526.614 251.853
223.645 706.631
276.575 504.413
287.598 564.837
282.567 510.047
252.702 569.514
658.667 285.937
676.591 133.072
323.377 519.428
261.739 516.966
433.503 320.463
348.646 432.162
252.526 539.016
478.948 324.814
479.603 249.014
229.372 668.777
722.458 196.309
726.557 231.967
402.608 384.232
344.352 396.224
466.993 294.501
211.362 681.556
752.634 224.333
311.235 415.864
397.995 409.175
778.256 130.877
691.592 261.001
313.142 466.467
692.52 154.918
707.502 226.197
288.17 566.589
357.869 443.878
422.164 317.193
274.489 520.003
276.249 601.831
213.676 636.141
794.787 125.185
581.863 251.59
613.042 285.452
732.426 211.744
447.834 367.969
517.211 270.909
788.691 234.132
517.667 306.923
700.872 159.387
792.181 110.642
536.126 244.155
201.436 773.747
225.12 655.448
355.355 414.265
770.62 242.033
551.274 233.923
249.829 527.914
663.77 139.776
731.778 152.649
551.908 223.67
780.847 195.561
747.799 245.511
314.063 419.79
548.91 236.833
657.793 215.682
768.859 130.547
536.199 271.906
708.275 125.183
423.924 370.209
317.365 455.736
761.995 229.232
363.307 453.239
212.337 723.998
755.34 201.491
200.982 681.552
743.709 155.18
612.639 277.51
326.13 502.649
342.555 401.681
430.994 355.48
695.753 210.825
266.056 599.569
774.52 140.898
419.397 315.314
360.42 398.85
723.291 250.487
579.366 317.413
322.56 506.885
251.075 604.646
601.665 296.809
333.105 413.822
243.019 626.297
304.692 486.135
606.752 249.124
437.362 282.686
787.582 222.652
246.051 636.885
558.934 234.307
423.321 395.584
346.167 384.689
327.756 430.845
427.445 309.607
539.386 259.898
284.653 469.154
220.852 610.578
776.351 190.577
582.543 228.808
360.505 402.924
680.72 178.633
328.279 436.689
634.686 188.806
688.48 197.052
211.296 671.746
268.68 520.198
663.73 209.629
298.478 426.918
721.403 197.38
637.369 227.398
437.022 287.921
519.613 342.818
769.702 147.455
204.993 760.027
752.232 210.784
772.998 250.524
299.337 422.153
530.8 277.395
361.295 404.794
462.196 313.555
554.061 307.03
556.463 295.611
504.206 249.455
741.78 159.085
598.629 188.716
657.829 202.89
433.775 363.254
650.277 186.965
410.613 382.818
504.536 254.411
614.984 171.065
232.546 646.707
560.536 294.287
165.826 790.095
416.603 326.454
663.834 172.676
171.327 766.767
772.414 138.881
464.726 349.567
651.905 202.266
561.106 252.693
576.234 212.323
661.935 201.518
600.971 189.758
567.854 259.054
238.526 590.153
221.114 599.546
726.523 243.495
238.947 581.288
202.664 777.054
656.604 185.439
358.33 377.754
381.735 437.849
643.759 212.834
359.067 389.027
721.733 215.395
539.659 219.923
701.959 166.37
731.897 232.874
672.143 195.943
642.693 242.356
456.142 326.41
239.749 563.622
354.748 395.067
410.3 333.364
444.735 363.317
570.03 251.05
487.891 331.402
548.329 235.878
186.779 703.572
380.584 339.006
722.664 257.342
396.332 306.11
178.738 770.428
685.611 187.191
189.944 766.999
257.645 621.634
428.759 387.438
693.319 237.819
592.53 271.826
605.242 263.342
215.269 714.475
644.279 233.379
271.13 535.095
536.658 200.348
793.971 113.187
458.072 350.095
228.633 672.039
515.683 226.411
675.878 157.882
760.588 254.895
506.302 229.408
228.708 688.289
668.149 160.682
449.793 259.509
724.756 146.266
253.902 620.723
290.949 544.917
640.063 166.23
262.568 571.05
557.864 253.926
705.833 133.16
534.885 245.136
392.993 348.894
254.223 563.682
785.239 159.474
551.279 321.247
290.107 485.759
627.855 203.03
319.733 402.381
256.266 577.697
449.365 309.248
240.844 561.301
227.359 642.934
531.175 228.867
726.086 261.285
694.118 199.243
213.463 747.503
200.023 703.136
250.169 603.713
260.561 506.694
433.745 320.432
600.9 281.331
614.755 175.415
554.219 246.417
418.014 349.362
737.475 265.327
252.08 643.392
397.037 306.249
651.407 272.892
294.971 550.536
190.033 691.563
261.566 518.244
219.166 599.243
740.474 193.456
347.43 383.374
225.478 651.563
754.968 157.697
544.738 263.094
411.297 351.079
531.558 292.231
779.238 204.354
426.457 301.936
779.512 223.15
207.079 668.49
304.012 432.089
202.478 678.03
495.208 270.758
692.033 213.279
760.307 222.603
629.369 177.723
540.672 320.943
513.248 232.797
254.318 512.018
430.339 373.001
271.579 512.752
578.673 296.123
797.518 225.967
303.731 502.128
391.136 396.032
478.995 347.739
547.402 205.48
608.59 182.4
286.158 543.293
329.383 468.085
671.058 158.069
492.942 294.86
454.855 324.501
500.387 285.973
495.597 339.463
342.596 438.957
742.091 228.003
418.94 380.806
480.872 271.662
490.535 251.343
547.978 225.861
272.735 478.268
202.317 665.727
322.187 471.597
710.861 268.481
391.548 320.618
360.734 400.759
635.947 169.248
798.653 188.384
631.958 191.498
372.025 367.019
241.815 554.255
755.485 263.359
258.522 576.166
704.883 212.277
289.056 554.56
483.88 270.314
501.464 310.279
423.603 382.495
660.237 235.537
522.006 308.213
533.008 227.031
735.502 265.656
426.715 300.342
337.261 437.864
769.134 128.076
765.93 255.205
278.167 556.613
371.974 328.391
559.464 249.106
268.471 505.717
497.67 351.311
764.215 185.136
423.701 346.51
765.345 225.256
243.292 535.508
575.922 213.438
412.372 344.914
208.814 663.719
634.497 188.797
411.997 330.083
592.492 237.663
429.241 380.718
308.39 515.726
381.325 430.817
452.572 263.08
770.656 153.892
246.844 574.586
635.93 232.825
467.143 275.001
513.448 229.385
469.977 346.253
472.826 357.054
776.119 117.894
582.338 220.639
649.146 177.668
522.118 282.131
406.128 299.867
788.604 228.243
695.584 161.888
411.389 315.248
707.974 155.298
219.9 680.013
669.355 182.468
522.932 287.175
574.675 195.864
726.563 205.408
500.404 330.036
535.216 331.689
266.989 503.365
583.702 268.504
284.236 579.673
552.173 267.544
690.882 248.342
765.78 124.813
288.509 457.287
689.56 265.709
280.39 554.357
729.378 143.603
605.822 259.051
782.804 198.096
231.303 565.12
172.32 780.854
283.158 557.744
775.776 154.999
560.208 198.384
674.995 281.879
736.262 170.916
199.778 709.671
577.324 225.372
321.803 449.874
690.063 140.622
787.304 236.894
575.612 274.449
341.691 474.659
253.005 611.416
755.652 244.221
327.515 432.284
178.225 760.651
782.358 160.073
535.502 322.731
259.073 552.15
792.867 222.001
480.625 344.86
799.286 125.338
288.953 481.94
188.895 698.934
543.615 287.926
473.365 311.728
737.399 210.586
515.534 211.571
575.634 207.521
614.424 223.101
658.602 205.877
734.187 244.069
297.425 441.391
249.396 611.197
528.51 302.134
536.129 333.206
432.029 336.317
776.139 186.324
610.584 191.701
444.928 319.197
554.799 246.284
175.175 789.711
278.381 541.502
475.65 361.655
262.158 628.444
229.276 636.913
593.968 236.585
789.628 208.223
663.068 205.903
299.717 466.113
245.244 608.351
755.943 164.235
518.595 242.713
547.768 248.444
419.394 310.428
403.718 352.061
399.251 371.509
771.658 129.703
196.626 788.536
565.381 220.773
604.989 254.576
773.567 251.196
311.092 518.663
395.401 332.619
723.566 144.323
605.839 239.735
401.542 336.384
201.046 796.205
688.773 259.063
687.08 190.57
405.866 351.899
788.134 204.674
373.867 328.757
535.604 298.05
215.119 751.586
760.393 245.045
413.439 381.257
366.664 354.399
232.961 670.925
618.19 236.794
409.994 320.235
224.794 680.77
336.908 394.572
254.385 630.688
696.954 234.32
610.116 193.3
579.876 214.532
429.199 309.921
459.572 348.283
632.48 250.744
361.99 416.021
485.143 261.363
388.289 374.751
715.555 200.126
694.074 154.764
198.974 703.089
381.742 385.305
407.177 349.251
757.209 125.632
504.712 283.159
548.483 246.432
686.972 182.908
421.488 395.782
789.818 160.196
600.572 271.237
448.446 282.979
347.378 473.565
400.981 351.809
272.634 542.552
431.139 344.743
475.651 317.743
358.971 429.204
462.325 333.597
205.589 735.188
532.51 221.415
496.157 278.788
296.533 534.686
464.395 349.059
554.732 217.114
615.649 290.67
575.081 234.416
689.79 210.61
696.982 220.408
546.506 255.514
240.943 641.48
713.972 265.974
195.977 726.419
749.119 127.741
371.92 377.983
219.65 674.488
661.951 271.934
568.14 194.858
559.803 232.477
748.052 251.776
367.458 370.952
617.052 247.362
734.416 220.886
529.277 218.569
470.389 322.373
252.243 629.375
740.155 125.47
748.031 249.075
295.452 484.025
563.946 314.64
608.966 192.439
247.918 642.077
372.215 361.637
723.607 200.451
698.863 194.569
232.946 682.619
315.823 404.97
782.088 213.939
326.845 489.245
239.344 648.793
377.39 382.078
365.208 373.365
618.3 271.063
674.713 272.774
613.226 243.744
216.205 674.014
488.524 242.27
212.991 663.245
350.84 411.167
606.505 284.757
719.233 161.153
512.798 316.321
776.26 162.22
349.347 424.75
756.805 196.887
321.548 423.999
545.25 289.193
782.907 135.091
532.031 320.339
620.906 218.414
766.142 115.128
287.753 456.419
768.97 235.184
746.573 162.14
446.087 348.101
649.086 198.74
541.443 214.302
674.94 143.403
745.296 132.416
223.72 653.825
733.757 184.594
466.466 328.084
230.723 705.743
211.088 687.405
507.303 295.05
697.239 269.319
373.659 359.053
735.836 257.067
408.564 341.295
586.799 276.464
391.86 420.125
297.737 530.805
657.549 175.406
259.275 610.248
522.226 224.467
776.625 152.169
744.268 177.568
496.109 246.871
292.172 525.458
455.927 358.102
341.575 476.294
274.369 492.218
276.173 579.8
645.492 250.07
206.621 706.316
269.183 539.262
190.603 769.735
582.486 300.628
533.109 204.93
762.562 116.94
195.745 694.832
405.168 388.64
636.477 294.155
460.935 279.472
380.558 388.546
651.258 264.813
575.726 308.912
259.034 631.954
679.094 206.706
197.212 725.505
412.163 328.273
681.783 190.786
721.023 131.57
364.639 437.257
713.973 156.527
250.663 661.134
753.086 135.355
217.689 600.375
700.272 198.956
201.633 683.359
530.021 266.488
361.508 433.63
265.628 520.704
670.718 212.997
366.202 429.547
438.483 325.047
252.001 529.857
306.265 514.74
690.901 141.661
632.512 265.27
294.988 482.661
351.979 396.345
209.165 640.184
411.868 367.957
632.22 244.419
485.208 347.118
447.209 343.19
412.135 372.944
406.466 345.238
450.779 338.859
362.866 444.229
563.078 233.409
200.573 711.703
751.326 129.953
324.683 422.306
492.191 346.003
410.784 408.066
478.281 341.545
786.725 170.568
574.646 292.095
551.594 192.023
329.867 422.946
447.032 281.421
736.386 194.385
476.703 257.814
249.779 582.464
492.842 247.498
675.721 197.142
662.851 161.853
755.05 265.052
503.256 324.922
439.356 305.937
171.63 765.604
655.673 181.366
307.038 454.457
296.892 520.204
773.438 131.884
195.81 702.48
794.086 115.859
200.19 707.634
622.521 244.644
740.445 220.628
751.622 250.026
775.179 253.818
704.971 217.579
768.602 181.784
205.244 665.233
653.723 232.91
759.45 111.665
198.841 678.376
727.685 235.876
565.401 193.097
715.733 225.795
428.98 340.42
311.505 521.672
636.51 166.972
315.083 430.363
248.281 653.902
233.381 654.379
377.494 351.757
397.734 423.262
524.477 277.552
560.5 230.883
389.034 408.029
184.782 747.871
232.957 576.465
730.363 171.048
743.894 137.571
537.827 330.832
490.96 318.567
643.492 161.864
354.688 411.553
498.654 219.345
275.476 581.197
688.197 217.414
771.519 128.03
302.081 525.993
423.123 358.042
498.056 245.013
533.967 259.045
273.478 576.521
202.712 654.163
281.517 550.093
357.014 401.207
431.093 299.818
666.694 276.784
396.679 374.707
450.467 358.716
691.626 231.699
763.187 188.67
670.571 280.421
469.443 274.769
601.317 292.32
539.992 301.264
698.324 182.651
746.886 236.095
658.916 150.41
362.662 451.006
559.007 245.302
262.75 558.199
625.662 267.377
321.559 445.748
206.335 699.548
208.606 715.876
593.692 234.967
451.135 276.709
507.823 293.311
293.845 520.627
653.766 218.402
599.106 241.814
642.248 259.358
582.43 257.233
478.914 268.748
782.539 137.422
720.504 147.238
796.747 195.14
490.054 350.904
235.348 600.061
795.068 181.906
235.273 645.581
537.452 248.606
472.947 291.326
234.003 636.252
548.694 259.431
253.339 648.904
396.786 366.942
338.556 377.273
697.432 135.446
564.093 203.767
246.069 590.812
221.182 720.973
269.654 513.633
536.628 208.443
217.101 701.153
287.65 508.016
619.278 285.605
207.331 741.316
592.265 266.897
492.491 265.111
273.511 565.63
660.41 177.006
621.128 261.81
642.335 244.178
313.604 477.153
504.054 276.576
633.173 208.258
264.767 575.005
555.286 318.257
544.45 268.131
631.205 244.688
282.533 500.466
719.972 138.424
336.038 474.914
384.484 443.934
783.896 156.63
237.503 678.266
342.68 420.551
353.526 348.121
595.829 197.259
253.656 598.277
782.378 237.552
433.474 397.034
753.282 117.276
273.111 515.673
451.469 337.919
441.758 365.545
633.24 229.586
661.89 254.166
187.522 761.573
393.206 407.06
206.805 759.353
735.359 213.583
791.246 196.364
775.015 250.338
469.92 239.26
529.865 223.254
293.444 479.302
293.536 462.735
616.899 217.656
455.129 321.326
530.026 264.318
595.917 185.924
473.732 325.337
464.992 349.66
699.198 236.726
464.825 271.42
247.511 616.022
755.34 141.663
364.445 416.523
492.221 267.275
787.875 151.249
639.536 253.471
433.896 395.54
740.398 182.312
308.704 504.626
670.17 172.388
477.248 307.505
350.611 449.539
662.294 216.4
350.351 405.73
420.402 391.679
321.57 457.129
470.241 311.351
644.694 280.54
284.459 537.15
561.728 201.031
548.307 237.53
719.902 154.575
566.708 260.4
751.433 143.803
778.253 175.117
555.437 297.623
341.506 471.121
671.845 245.486
792.611 142.721
538.935 309.287
685.291 217.469
496.648 282.952
751.879 186.376
470.107 285.149
373.861 403.353
216.049 659.011
251.383 621.635
318.967 452.473
369.846 396.702
784.527 242.724
592.388 207.924
597.532 277.98
577.341 222.51
402.42 399.928
683.606 241.861
694.678 218.784
797.778 197.856
369.876 440.132
752.187 178.874
361.403 396.045
365.028 341.393
690.974 247.692
798.708 123.405
286.162 563.577
782.717 157.646
413.736 375.446
448.033 299.173
368.991 410.818
591.867 295.669
689.175 173.4
310.405 421.089
689.36 213.315
435.299 293.187
396.184 386.967
575.488 256.811
634.733 179.939
630.359 180.126
696.448 191.246
424.139 363.45
632.894 198.085
394.73 326.908
319.473 426.601
188.045 720.686
476.285 265.564
206.659 733.947
561.966 286.485
268.413 610.669
191.784 693.976
722.214 265.56
260.206 597.585
461.927 265.771
506.766 299.74
262.783 506.651
664.368 191.34
663.663 249.829
436.984 376.975
756.958 234.103
218.282 750.151
677.552 223.673
277.461 541.305
698.728 191.222
403.686 377.007
653.55 201.179
390.962 437.568
240.433 641.156
614.722 235.285
680.348 271.124
566.61 228.658
472.517 267.895
428.759 341.204
176.173 799.28
790.353 245.673
512.994 248.804
586.398 304.382
608.547 281.044
260.066 551.876
686.36 213.002
742.605 245.942
771.594 127.055
384.079 418.518
615.64 234.22
343.869 482.07
393.86 333.17
384.922 361.278
304.218 445.185
667.459 142.241
565.527 284.074
338.997 480.554
501.777 243.218
345.321 378.487
532.111 280.058
512.284 313.933
613.946 281.047
670.337 214.227
648.66 267.787
531.558 222.811
280.226 567.833
514.153 292.448
359.692 432.447
796.088 129.389
476.345 368.312
768.381 128.471
685.346 188.671
459.58 274.949
330.004 472.768
644.045 269.195
630.979 280.488
339.724 430.041
381.436 336.3
743.711 129.221
685.339 136.072
346.511 404.138
256.514 593.53
388.474 395.098
787.078 195.299
643.518 201.286
263.81 601.303
603.684 183.23
655.779 247.466
337.834 431.667
187.997 790.3
475.967 335.933
533.639 210.128
683.914 197.965
759.434 137.859
461.453 367.725
692.218 140.897
394.609 343.788
493.275 293.938
511.793 311.394
646.624 236.598
547.223 290.929
426.528 358.911
225.698 714.879
654.477 274.845
707.18 195.8
598.257 307.451
724.07 205.428
475.619 294.111
625.287 270.229
661.324 176.697
673.003 282.514
690.214 260.405
217.585 599.319
635.497 235.643
793.928 107.407
741.641 137.48
410.166 333.318
762.704 241.441
197.08 776.197
374.278 399.576
681.143 144.754
355.364 452.385
338.842 408.868
673.673 170.691
531.93 269.71
635.964 259.493
680.67 151.97
715.316 200.211
620.883 178.964
292.604 474.605
587.199 238.867
795.983 221.263
506.246 296.599
331.887 508.494
372.82 428.265
282.578 560.245
635.337 268.983
737.058 213.855
326.905 415.312
782.992 130.895
511.045 344.798
777.762 161.194
627.098 150.386
425.769 307.346
309.059 518.676
206.545 642.63
273.345 531.527
750.978 246.908
427.13 406.885
788.213 124.077
543.159 300.285
773.386 120.95
325.923 486.767
512.088 317.749
777.016 169.205
530.602 216.634
572.005 253.17
718.673 237.402
775.166 121.302
644.552 233.749
370.946 400.598
727.974 254.375
781.322 154.149
251.189 548.685
446.964 361.408
218.095 637.981
626.717 217.89
685.163 258.705
313.707 463.912
258.497 599.206
606.518 178
444.061 344.605
388.24 374.016
561.925 235.703
248.507 616.437
254.277 534.436
268.882 522.935
602.698 176.001
170.623 795.467
475.386 297.004
483.187 275.907
275.25 545.411
679.242 173.753
224.167 723.252
717.369 226.445
491.806 334.619
765.612 174.408
227.585 652.16
420.032 354.813
513.741 229.027
253.5 600.637
211.279 658.73
698.322 263.764
392.112 417.204
728.237 240.427
588.862 237.816
341.015 399.559
768.629 152.993
703.471 220.42
365.576 411.257
387.477 398.928
615.105 188.274
469.677 265.978
269.848 540.663
699.138 167.627
654.527 291.094
193.075 757.05
692.97 130.445
329.793 459.225
317.269 468.244
430.627 370.996
553.105 230.963
246.71 547.652
436.229 378.554
503.578 260.919
674.334 228.321
405.839 349.15
640.838 238.097
401.136 365.666
485.326 239.962
701.614 226.88
406.379 322.828
382.99 352.781
784.865 212.844
241.556 635.04
320.499 441.17
510.64 232.195
760.261 224.608
536.26 222.911
696.172 155.379
320.75 395.209
244.85 633.567
404.629 375.132
242.048 663.138
200.586 677.267
464.643 265.046
230.83 590.257
460.954 255.432
427.189 315.234
687.653 162.424
609.321 282.351
416.777 402.579
618.621 202.197
362.096 466.696
192.116 739.377
389.092 400.213
570.205 296.771
739.136 215.417
415.757 368.258
205.585 639.223
229.312 647.954
280.729 496.15
211.127 640.467
701.561 137.742
621.725 178.05
797.302 180.981
639.481 266.016
276.454 557.188
683.759 252.06
593.871 174.402
439.246 325.791
435.477 371.291
680.92 274.683
734.969 223.486
771.162 167.754
790.007 102.717
731.57 244.49
775.593 135.825
543.489 263.82
308.035 507.29
248.922 630.222
619.229 197.791
185.71 783.926
615.231 200.666
375.686 391.817
742.336 130.284
560.555 315.537
359.014 384.441
527.993 333.197
414.049 339.353
720.886 216.775
504.004 261.387
701.431 154.466
294.425 537.149
481.706 359.086
274.189 581.701
775.523 215.964
537.938 235.039
582.848 282.817
424.986 372.585
546.081 278.156
398.232 318.978
641.047 288.691
412.307 370.625
786.852 173.408
479.866 269.058
722.296 204.361
421.348 372.063
570.495 307.369
660.048 219.247
304.186 532.854
206.663 764.089
640.953 243.116
507.134 340.148
595.702 296.271
195.48 781.148
427.638 400.281
530.24 261.521
596.788 246.246
593.173 249.204
277.866 455.586
460.257 267.173
289.365 503.588
750.004 222.91
522.543 258.092
744.557 200.613
798.376 215.352
432.847 359.17
553.629 223.309
314.299 457.386
422.925 395.61
442.675 365.825
677.462 176.536
643.315 281.096
526.245 284.514
630.685 278.339
429.272 353.788
692.465 187.284
677.902 261.849
262.079 528.398
413.869 363.245
441.133 318.914
696.259 204.254
387.605 398.921
738.713 113.902
598.336 185.835
749.068 229.096
595.671 197.268
220.916 703.422
277.43 496.243
382.71 356.676
530.628 320.254
782.746 196.57
421.156 323.337
207.533 642.743
782.01 114.519
646.225 182.245
475.294 333.054
791.763 256.832
220.754 638.875
651.431 185.929
766.065 195.06
568.306 215.396
350.322 461.051
787.922 160.614
714.757 189.623
501.572 345.796
257.731 602.181
555.578 258.192
478.128 307.838
472.744 340.081
762.958 253.986
302.156 462.345
330.486 512.357
601.139 194.082
481.915 260.496
553.405 249.425
197.449 664.515
276.924 541.006
197.141 669.226
632.781 287.885
693.844 155.558
725.99 238.931
665.706 254.011
673.79 145.274
425.823 372.503
391.046 353.858
439.982 302.675
258.536 534.6
533.383 213.507
427.749 311.741
188.01 768.014
227.892 691.074
746.886 262.193
639.167 204.039
643.356 258.327
628.118 295.308
179.088 785.318
208.234 768.417
502.267 347.116
562.115 277.797
185.989 739.039
790.472 168.641
785.275 141.401
325.492 471.182
715.376 240.069
478.398 273.403
754.432 241.152
458.219 284.238
700.845 148.089
191.491 760.438
259.874 548.298
756.699 122.221
221.535 633.785
416.721 286.328
732.32 253.743
761.99 179.514
690.273 238.863
388.294 429.168
497.98 355.884
358.28 349.112
391.62 407.348
658.759 216.819
701.133 196.531
759.872 137.298
712.869 251.073
327.373 442.008
333.096 393.939
379.039 414.602
446.467 318.211
691.223 165.162
649.152 205.697
400.662 391.665
688.322 140.247
724.499 136.039
579.881 240.522
780.651 203.014
212.928 681.11
550.442 292.573
758.944 246.609
786.361 221.092
538.633 313.513
511.484 266.33
595.751 296.841
248.513 558.892
594.935 230.121
721.262 258.664
761.565 115.837
743.795 146.169
415.647 371.519
192.616 742.692
260.523 583.471
688.603 227.712
263.049 517.99
244.4 534.627
210.586 650.429
299.278 456.56
486.248 350.879
726.534 130.875
767.426 252.311
552.389 209.705
371.115 433.855
675.743 269.851
786.728 221.411
735.028 150.73
208.38 719.344
303.065 468.056
446.046 371.449
618.843 183.567
221.983 663.195
547.706 224.096
492.554 315.113
719.908 196.792
726.714 225.991
432.769 389.798
382.78 356.628
633.946 272.361
300.902 513.755
227.376 696.323
319.198 522.158
466.163 365.24
297.448 516.636
313.256 515.046
632.926 215.449
732.336 126.962
570.516 288.531
384.778 417.272
631.343 180.881
528.342 310.192
502.647 280.656
534.604 271.455
574.215 227.603
337.148 403.017
191.778 763.867
218.465 714.403
235.123 625.73
402.514 390.449
695.823 204.835
753.372 182.642
179.717 760.395
382.785 332.953
378.19 426.183
471.931 365.273
330.47 488.24
362.589 381.524
739.943 248.279
424.396 365.059
392.316 407.15
272.741 566.462
585.32 231.822
242.725 581.202
576.432 203.501
661.783 201.751
212.575 733.42
278.318 594.279
642.946 179.349
799.839 229.765
639.673 211.161
586.26 285.052
508.721 328.293
299.13 491.857
796.243 231.676
254.717 535.856
367.809 378.931
588.603 282.304
601.906 269.69
315.557 522.547
404.191 384.293
483.75 277.02
712.207 224.112
260.585 590.434
624.165 302.179
592.509 232.418
508.607 229.397
336.132 407.932
386.006 315.841
514.786 331.551
236.357 617.707
636.227 254.198
325.036 434.456
696.772 203.591
473.873 313.951
739.172 256.783
186.954 731.516
283.042 494.75
255.558 555.152
489.564 322.176
612.087 229.207
766.93 178.8
501.55 304.584
231.68 604.163
235.837 581.966
204.909 649.369
688.753 138.986
687.432 189.689
560.724 200.472
341.672 454.287
594.762 219.299
341.789 465.243
566.208 219.398
638.838 166.471
447.71 281.908
615.422 261.304
778.206 170.536
396.736 370.368
411.13 379.523
222.879 625.944
791.36 131.812
428.156 330.176
791.476 162.998
297.847 475.555
508.226 250.715
446.314 395.2
408.476 407.619
559.693 309.828
382.502 363.426
670.733 167.579
581.425 315.672
716.351 233.923
197.935 697.278
457.369 338.63
245.758 641.477
576.845 233.112
410.98 332.465
340.65 380.013
634.648 211.453
556.396 320.633
715.462 160.817
632.991 219.324
531.112 229.473
230.282 643.474
333.434 385.016
582.482 282.203
426.922 298.068
266.867 617.203
662.916 184.981
206.271 696.625
340.726 471.862
785.91 215.657
743.386 252.249
411.098 376.954
743.333 234.214
441.38 349.322
629.289 181.726
448.864 359.22
365.489 407.103
210.437 627.268
386.392 420.679
619.081 217.859
663.219 167.095
427.788 315.66
554.69 219.141
187.778 746.304
271.424 489.902
515.827 297.38
758.029 242.516
517.913 300.816
429.714 364.26
200.878 698.637
720.753 126.047
730.604 132.851
479.8 252.29
628.592 202.924
483.71 250.479
590.203 289.571
644.972 199.734
519.057 235.337
569.762 203.343
477.419 367.105
397.891 405.802
701.387 138.789
215.139 661.9
282.951 586.549
431.179 350.299
608.856 166.758
629.823 218.966
328.866 471.482
338.123 401.609
797.65 200.328
451.894 259.722
519.623 239.664
344.42 434.559
689.329 182.704
541.462 267.408
494.744 260.574
460.788 327.192
444.796 331.793
756.134 111.438
730.087 232.259
686.057 247.226
480.18 313.041
397.357 415.019
516.776 219.115
498.789 284.715
412.956 413.226
551.527 277.288
188.171 788.572
669 199.315
335.007 453.989
304.304 544.346
540.063 225.876
784.273 165.596
573.533 241.193
529.815 275.455
654.203 251.682
693.778 155.628
411.396 364.767
487.765 267.51
464.9 310.592
577.467 269.244
211.245 688.339
439.806 296.11
437.042 384.33
200.34 743.915
534.262 201.186
429.584 349.575
306.801 459.713
265.059 596.158
710.444 137.91
218.749 627.961
332.552 460.088
433.938 400.109
412.486 321.107
534.632 273.782
475.796 312.112
300.329 508.599
443.599 362.594
446.458 369.144
510.08 328.058
664.042 243.54
274.643 531.82
447.141 275.199
559.261 283.196
762.386 205.632
614.958 220.88
665.13 202.665
685.19 154.215
750.838 235.596
718.102 185.514
554.329 294.948
465.726 317.599
198.681 718.814
545.258 225.829
602.448 290.955
325.131 437.547
400.637 406.522
726.288 255.959
603.599 279.051
624.052 231.695
245.801 559.672
773.585 142.986
306.53 462.396
654.793 244.631
581.656 303.124
738.311 166.496
526.059 220.785
439.09 364.657
333.396 490.314
276.081 493.644
511.63 241.372
179.297 766.934
275.146 587.905
584.059 221.26
603.573 267.312
558.136 284.622
357.161 443.889
779.965 121.714
724.432 253.327
373.893 407.267
718.061 167.756
476.669 262.166
234.685 676.648
352.571 374.096
529.013 218.54
306.497 424.162
263.758 536.855
219.093 664.927
306.288 475.098
362.129 415.814
655.694 267.739
241.643 610.112
395.749 384.856
597.219 249.282
782.827 219.371
492.385 239.62
693.694 222.997
582.766 231.111
214.616 715.845
768.372 199.437
622.287 179.474
378.785 335.713
473.475 312.42
499.056 291.076
327.178 411.725
575.322 221.799
569.128 239.08
536.01 223.84
734.873 253.914
469.987 361.39
186.393 757.587
509.115 347.266
668.677 278.561
735.113 207.935
773.306 230.011
490.469 259.069
679.859 222.321
739.976 211.577
329.597 423.292
786.107 198.166
363.014 385.839
416.53 374.68
627.388 196.333
190.85 722.695
247.569 667.37
708.463 246.379
602.18 299.147
197.551 786.582
605.582 161.728
344.504 427.019
721.597 154.656
730.447 128.768
661.495 278.724
197.5 771.515
235.739 632.061
419.453 347.331
708.723 202.284
245.199 581.805
558.299 253.921
761.133 209.507
461.719 357.08
261.24 499.824
665.52 254.764
699.49 216.211
605.406 295.593
618.311 274.676
274.784 554.43
203.242 675.965
223.403 728.46
440.65 347.961
465.827 272.717
653.58 266.702
700.48 163.169
382.85 347.123
408.295 421.359
744.771 163.282
498.539 297.072
281.547 491.265
753.715 125.788
727.382 242.153
482.338 254.223
448.059 358.523
775.424 188.091
496.756 248.153
481.296 272.834
248.114 547.017
476.001 336.086
625.355 269.318
671.922 225.997
517.297 261.654
775.48 186.116
792.029 166.721
306.784 468.262
571.148 317.102
444.124 343.09
310.655 527.235
311.892 464.104
717.509 233.034
669.474 209.081
390.274 398.183
704.455 122.823
426.489 364.896
517.526 251.311
705.539 222.705
602.31 241.194
569.753 301.4
223.838 607.797
540.657 210.111
722.733 179.487
504.295 269.915
420.594 297.478
787.616 104.654
606.793 272.715
731.001 205.839
307.05 471.413
423.456 370.703
205.824 682.446
462.797 298.565
200.199 680.765
771.709 240.437
667.401 271.987
736.606 225.321
772.309 149.725
605.418 302.314
411.315 364.262
700.918 133.029
218.335 683.813
203.184 651.199
775.441 241.032
280.511 573.959
703.063 239.161
274.041 536.343
383.749 313.338
211.437 666.629
252.019 570.815
697.648 182.179
713.106 253.916
262.234 521.661
671.832 181.915
245.034 555.289
471.459 273.064
464.444 290.875
536.431 319.913
517.22 290.211
364.677 392.997
443.249 293.936
367.275 337.825
628.376 256.159
698.191 167.166
650.755 229.685
448.539 295.133
316.104 461.622
568.385 297.529
228.658 704.819
301.82 449.198
384.315 311.709
644.827 217.162
241.061 637.209
630.585 281.278
700.434 222.065
314.583 401.743
257.618 594.283
482.738 273.545
757.831 196.358
716.553 212.704
388.88 395.805
517.2 303.151
332.306 422.784
584.427 261.749
606.433 214.363
337.833 480.532
378.08 437.175
617.603 209.973
329.784 402.271
332.918 501.095
206.585 668.604
328.556 474.478
718.778 175.772
260.904 527.125
617.047 277.33
652.917 141.965
441.444 274.613
512.883 284.111
569.365 264.016
707.526 180.687
523.872 234.22
342.069 441.67
360.03 455.644
617.205 260.166
480.298 339.495
494.243 311.587
391.941 435.09
279.195 512.093
469.068 297.39
353.472 401.851
221.028 637.261
376.775 443.291
768.295 103.419
659.854 243.889
726.062 227.143
604.223 187.117
247.881 627.56
582.207 226.795
623.742 160.721
592.825 213.635
526.304 251.705
244.063 567.587
443.227 333.187
421.734 296.252
322.236 500.494
685.28 205.76
707.664 146.527
761.438 121.996
335.65 457.726
662.146 270.253
504.334 242.975
214.688 645.517
633.134 250.927
694.666 149.67
606.472 205.479
511.517 345.157
252.18 574.788
204.992 722.675
732.299 163.747
361.322 404.469
421.063 336.829
605.183 222.02
708.352 254.509
719.284 135.224
503.656 287.032
307.78 464.415
602.174 246.52
479.927 286.959
705.714 209.426
566.975 290.244
412.567 291.418
421.94 382.815
780.765 114.128
762.466 189.495
291.597 449.946
663.381 142.228
247.797 661.207
798.118 187.466
670.354 202.383
439.226 313.276
589.122 204.085
621.967 292.002
686.834 177.382
504.554 265.534
417.73 339.332
582.222 311.541
478.14 298.247
637.637 268.226
703.05 187.284
585.099 267.226
278.531 541.603
760.77 193.564
498.742 236.395
543.421 293.872
498.946 308.166
606.324 238.82
676.64 262.273
452.025 304.776
741.703 195.029
639.457 151.941
609.382 173.062
285.527 509.453
507.39 347.151
340.267 459.565
710.216 209.344
540.563 276.961
531.143 250.57
390.578 352.114
345.647 407.581
476.354 250.04
369.565 328.435
220.812 654.425
644.865 270.13
793.98 136.899
641.544 250.463
736.826 192.733
557.476 277.408
174.339 795.843
649.9 246.247
717.527 239.03
391.802 352.32
486.395 279.833
402.495 338.832
206.035 677.229
657.924 289.907
262.115 525.127
390.389 348.271
488.147 233.9
670.779 275.483
781.598 245.162
318.692 451.992
586.568 268.208
446.903 274.903
224.405 693.658
582.941 239.861
629.655 215.178
475.736 365.329
621.293 209.894
348.212 465.519
634.226 215.684
609.231 191.4
404.58 328.089
572.031 260.062
645.52 221.97
484.146 271.917
798.397 119.167
693.108 251.196
312.982 481.972
683.692 173.034
532.991 228.813
244.29 632.802
659.855 215.115
791.973 235.554
652.212 269.55
581.329 293.323
381.535 388.898
566.514 256.432
684.777 212.161
725.62 226.678
453.015 316.541
554.151 202.316
244.786 648.777
737.557 184.094
656.231 155.053
511.973 327.811
398.735 368.508
330.19 502.632
202.773 725.975
556.633 279.143
682.19 218.948
207.681 682.001
598.311 226.798
735.353 121.847
499.307 228.695
275.607 542.031
309.65 435.227
344.453 425.37
306.958 527.579
330.336 435.047
298.387 482.705
653.343 156.291
753.13 256.402
635.276 164.918
704.367 160.698
314.681 455.298
567.639 284.637
319.197 420.597
679.226 250.481
254.376 640.408
242.124 590.683
387.489 320.722
697.02 275.105
295.457 457.401
471.795 264.971
781.976 119.593
245.708 525.97
328.449 500.36
401.566 362.438
588.386 189.745
206.564 703.77
429.492 345.531
669.993 223.223
720.445 144.871
263.866 618.047
557.95 194.364
687.653 191.257
317.367 427.606
427.345 285.493
746.657 252.277
578.006 226.512
384.476 351.713
522.704 331.666
259.273 595.277
430.55 319.341
781.559 215.718
312.097 522.542
418.971 324.703
679.743 216.173
288.865 549.903
799.856 138.116
305.799 448.615
201.007 648.458
714.283 174.807
771.78 242.028
486.653 275.368
226.001 584.573
400.983 383.431
658.676 143.405
380.967 382.508
380.87 376.99
334.136 389.875
650.191 251.701
754.438 130.263
669.415 218.117
218.099 673.539
652.987 194.163
783.113 154.516
364.676 451.666
516.942 341.297
613.942 223.885
266.935 534.461
790.882 193.055
520.932 225.966
638.112 263.369
255.851 570.581
676.961 203.154
213.629 731.756
609.914 241.307
290.091 542.132
752.722 200.971
689.29 260.574
442.666 357.135
285.546 553.556
743.389 248.206
238.236 597.874
256.485 623.503
269.068 561.094
620.773 261.33
229.873 683.54
763.638 254.958
304.009 508.268
193.585 747.966
589.219 191.844
699.407 207.976
736.037 226.624
751.472 222.22
700.846 204.303
600.776 221.53
643.96 234.928
733.61 180.407
287.058 567.407
276.258 597.473
328.313 421.682
638.807 202.417
635.281 271.419
627.608 242.057
644.096 175.884
775.085 152.098
392.744 338.331
398.966 423.468
533.3 255.806
488.475 341.054
384.381 430.061
218.627 636.777
726.549 119.754
443.475 317.2
268.684 583.125
341.332 461.549
751.771 186.689
774.031 177.491
470.834 267.152
752.856 176.837
723.227 143.837
344.831 388.401
694.806 139.683
759.099 264.157
590.614 188.167
599.206 225.239
679.052 164.109
406.878 366.369
396.466 306.033
769.17 214.401
362.862 361.091
536.009 215.259
314.232 444.855
442.05 314.396
744.072 226.573
481.563 364.586
518.988 332.705
581.467 207.454
231.618 670.541
228.929 656.927
449.69 294.929
663.424 208.108
204.467 714.818
355.606 360.3
660.29 250.451
393.715 342.264
339.6 442.143
677.935 205.703
431.265 292.672
742.218 162.092
636.555 264.971
255.813 503.023
507.925 234.88
264.944 623.331
746.997 156.539
573.415 195.938
728.142 224.53
365.882 436.697
717.633 119.941
645.805 266.707
286.524 558.361
686.225 259.037
278.011 497.582
411.145 418.683
646.514 250.663
734.157 223.126
317.68 451.655
509.807 344.29
358.544 351.447
536.86 250.341
189.152 774.711
395.925 407.514
766.017 123.408
470.479 307.617
398.261 380.578
235.98 630.574
424.066 289.994
284.05 505.669
436.084 371.885
430.77 301.668
782.012 224.904
572.153 203.399
753.407 227.075
401.591 383.822
245.64 587.742
473.695 343.08
687.336 150.369
210.541 742.565
678.149 168.86
611.307 245.141
775.939 136.89
408.493 412.223
610.844 197.385
339.913 460.044
480.665 291.078
571.227 289.311
700.448 194.24
363.047 384.488
766.573 172.656
416.218 286.66
202.575 734.32
626.425 186.232
726.429 138.336
207.249 703.407
695.867 270.584
334.452 408.424
290.771 455.615
599.23 299.97
718.669 239.939
610.649 172.275
723.637 174.707
443.982 336.883
219.262 699.988
394.685 392.816
741.717 190.44
508.592 261.455
444.26 280.477
590.728 172.292
543.116 280.26
790.188 165.973
302.012 485.447
329.764 439.153
482.125 283.403
761.622 122.348
209.237 657.115
275.563 534.647
295.61 487.119
621.641 229.811
625.985 242.687
602.994 206.517
333.571 411.156
731.637 190.374
696.876 214.578
255.191 539.212
526.638 228.131
247.586 573.168
536.737 305.03
513.127 276.668
442.379 283.786
652.407 258.559
377.363 420.978
662.876 194.779
209.915 688.144
331.046 452.537
579.419 196.566
223.97 713.395
698.182 160.073
467.49 281.361
793.277 226.104
500.472 251.333
719.262 188.06
370.198 379.183
652.727 215.344
227.733 615.261
616.874 190.279
189.6 756.991
714.327 221.267
250.491 648.089
620.466 238.294
653.886 178.924
494.043 268.776
443.876 288.016
773.7 133.375
457.044 253.219
499.552 295.283
381.391 411.484
658.725 148.706
504.596 337.922
520.553 301.433
677 226.405
770.236 225.542
227.693 723.126
316.214 472.762
412.331 381.988
596.455 248.3
692.624 267.41
526.308 220.349
536.867 311.506
643.596 211.031
298.875 466.557
722.497 172.556
541.774 256.891
266.425 525.805
419.835 315.635
787.081 221.993
260.214 607.907
548.717 286.507
235.601 665.554
741.349 201.326
214.309 764.372
258.262 554.688
481.169 279.843
243.077 611.299
616.806 182.313
314.667 441.138
493.787 309.001
352.75 369.325
612.911 249.522
329.773 397.92
590.712 261.699
777.945 100.915
500.367 245.579
332.418 470.329
651.594 154.77
283.277 562.613
331.734 475.153
367.448 399.951
418.358 382.927
795.245 229.117
672.921 281.247
593.802 252.254
751.351 200.397
334.623 385.189
257.313 561.472
617.344 233.555
479.36 317.023
230.232 602.164
563.51 225.99
280.574 484.297
735.117 241.407
669.128 268.543
665.807 265.085
275.856 505.326
377.438 408.69
334.427 395.062
449.424 297.885
203.062 665.776
705.528 200.418
463.297 347.583
261.802 495.879
637.317 186.301
308.898 491.827
766.557 149.606
288.253 555.018
582 257.413
752.038 199.736
212.139 623.417
262.955 603.326
516.831 262.083
732.345 130.268
265.426 568.299
539.647 301.827
734.114 258.371
232.055 626.052
706.463 219.042
261.163 595.944
579.647 293.081
416.49 314.508
799.568 180.34
290.043 551.815
706.422 204.089
708.422 234.201
768.573 200.588
754.708 187.17
686.671 171.484
226.588 593.307
228.778 659.264
567.329 228.803
784.903 130.486
219.912 672.831
246.461 595.325
748.065 153.887
641.024 187.342
536.605 326.6
396.293 385.218
513.811 221.078
540.041 331.11
460.724 280.985
584.616 251.226
531.562 237.109
736.415 176.181
501.517 352.044
314.861 407.932
560.844 250.84
299.203 510.73
615.966 214.207
699.189 209.254
628.94 180.878
188.264 768.015
417.449 387.608
757.07 161.398
210.188 662.88
559.382 278.377
666.878 214.259
408.882 379.26
691.747 143.241
392.656 392.712
285.413 532.806
186.714 798.718
387.508 345.704
225.652 704.711
525.799 246.601
280.454 531.146
217.842 617.492
583.387 294.154
363.917 422.742
620.614 254.324
419.767 352.698
626.915 161.825
176.075 777.621
744.596 183.341
433.812 335.642
412.783 319.52
622.904 235.498
319.736 449.211
478.79 286.719
588.346 247.919
740.027 260.989
436.335 393.264
412.327 309.074
468.07 285.926
499.116 342.008
493.696 294.656
275.549 486.271
326.08 498.61
657.099 143.902
479.058 245.478
277.368 484.603
380.065 321.43
731.01 241.248
225.684 623.042
281.818 517.428
699.063 203.787
779.957 141.086
690.936 170.615
612.665 175.661
440.278 370.274
467.881 326.994
703.079 207.988
353.477 443.017
624.711 244.149
774.861 146.406
685.661 238.787
480.613 335.54
479.162 280.149
492.312 238.924
491.299 251.881
592.281 231.787
725.119 216.466
457.219 348.598
197.703 717.91
400.525 340.409
212.648 692.05
498.184 243.37
624.002 201.243
359.285 394.376
189.591 777.428
173.938 763.243
312.415 517.658
640.695 268.338
514.346 304.432
269.535 522.939
719.102 224.382
265.034 544.66
380.051 337.148
457.335 342.602
624.956 168.109
734.447 242.648
207.615 729.295
346.116 420.78
795.611 239.79
475.768 369.887
763.362 117.919
665.549 190.001
273.543 491.384
535.755 266.891
224.357 626.205
329.547 400.497
281.743 451.189
461.181 342.592
264.652 573.417
341.241 417.357
650.738 263.875
663.44 166.796
750.964 201.61
221.254 720.098
359.376 454.614
411.855 409.427
316.702 401.221
247.772 562.747
572.933 240.07
318.217 435.831
658.976 225.622
349.619 435.157
573.038 206.833
513.691 246.237
232.146 636.976
731.174 133.596
541.48 258.099
602.133 179.897
765.463 192.12
638.833 235.277
633.783 260.781
757.254 238.397
527.336 327.432
212.651 641.113
734.128 207.051
343.252 490.277
701.252 208.266
545.028 230.542
379.994 413.626
206.413 710.47
428.16 332.287
329.313 503.871
563.188 310.729
212.821 716.521
311.254 455.743
348.833 487.01
718.564 169.386
191.225 772.767
198.082 763.815
234.598 638.259
244.307 637.597
304.733 516.756
473.029 281.246
571.342 216.967
733.034 203.828
714.098 133.091
435.399 365.325
518.071 303.346
511.955 247.916
378.205 400.881
214.288 733.525
738.625 137.057
372.176 383.962
555.142 250.142
266.605 498.869
355.158 465.03
693.22 241.341
265.252 623.122
577.419 281.454
283.931 508.253
434.344 301.118
797.007 121.693
418.623 344.255
517.343 321.301
545.577 324.335
479.886 268.952
434.58 379.87
743.843 160.007
283.276 524.356
397.704 343.011
600.842 290.325
410.483 386.207
402.605 327.469
448.611 359.307
499.321 299.645
570.216 280.507
677.041 144.579
393.437 310.729
489.679 348.515
645.397 258.532
348.564 413.553
244.968 524.485
213.544 680.428
584.746 264.284
463.714 332.546
664.88 175.674
481.282 290.667
629.378 256.675
597.721 201.489
428.237 339.331
514.907 306.885
543.649 272.17
796.395 105.932
512.238 336.174
680.111 226.916
234.285 680.899
677.713 161.76
198.989 712.034
628.361 220.751
668.672 255.509
336.723 407.608
718.473 139.349
771.374 187.855
649.591 283.261
190.872 751.942
711.599 223.224
617.748 192.091
534.887 317.492
186.633 785.787
675.824 274.74
701.224 238.864
498.459 284.988
244.386 636.75
406.704 404.974
252.069 552.994
330.557 473.773
319.011 511.353
358.819 439.134
603.216 293.944
731.352 265.882
720.375 267.545
779.841 222.948
628.254 183.202
233.854 635.141
588.418 293.652
305.388 446.064
417.793 329.342
230.886 606.128
197.957 779.87
734.256 114.349
728.335 212.054
582.665 297.344
662.03 274.526
482.205 250.301
243.809 650.722
766.163 213.534
333.547 409.687
679.231 175.924
343.445 410.566
678.621 167.268
735.815 169.24
412.378 320.676
528.728 321.811
263.624 519.197
745.231 254.3
203.68 729.631
398.89 334.145
624.624 261.229
484.271 352.721
290.682 495.277
564.446 185.156
566.661 257.771
291.473 446.612
438.291 379.45
564.743 242.189
767.916 118.904
744.489 155.513
518.469 253.627
779.95 207.667
266.383 567.879
298.718 467.054
636.602 218.387
350.365 396.623
652.196 246.367
492.948 255.211
181.657 768.362
388.622 348.411
787.178 225.412
589.362 268.367
637.641 241.183
501.032 281.909
533.165 250.594
787.696 111.296
249.322 599.079
614.709 267.085
752.749 247.339
374.768 348.344
371.114 413.742
680.261 258.782
546.421 250.955
288.374 510.538
202.095 742.771
764.522 143.808
230.32 647.751
757.205 203.713
651.68 223.874
577.432 201.512
695.724 238.687
777.457 252.295
648.804 204.488
439.673 309.019
235.19 612.082
754.859 187.806
488.824 278.117
399.7 321.444
382.497 438.876
461.285 252.167
735.158 159.925
312.68 461.463
689.752 148.835
567.081 209.365
325.321 494.637
657.057 235.996
765.436 176.686
784.004 232.286
500.781 237.241
567.583 279.439
739.652 174.645
200.805 775.756
259.076 532.322
733.019 226.433
422.236 367.749
338.091 466.895
747.784 165.675
312.799 478.9
326.312 461.037
247.4 608.389
570.571 257.898
213.597 722.794
731.584 197.249
436.615 382.573
352.421 383.075
762.027 244.2
616.952 282.679
578.681 293.828
581.355 310.768
719.383 161.508
295.767 463.12
387.313 356.691
461.736 342.286
611.98 177.125
538.522 222.856
599.011 200.871
334.34 431.561
266.871 571.949
540.581 264.581
201.772 672.989
442.997 351.105
615.426 290.672
637.002 167.545
321.72 449.22
234.855 661.431
521.316 217.314
228.449 603.982
397.958 335.382
692.321 229.372
198.191 752.176
731.053 148.091
386.555 398.661
646.707 216.649
461.339 263.608
660.568 170.561
502.703 231.134
333.145 407.132
507.224 299.362
417.483 354.889
225.964 681.584
624.781 190.2
245.237 599.072
799.647 238.414
368.258 347.186
674.632 163.607
775.88 219.432
221.391 698.632
559.188 226.466
294.607 447.372
663.37 260.888
442.66 351.901
248.414 542.583
617.271 209.711
349.172 481.476
560.557 219.806
653.726 240.515
196.594 799.121
259.888 554.149
582.424 236.909
346.653 457.548
297.483 476.183
647.008 272.823
253.796 573.048
600.86 280.208
220.481 618.665
186.476 758.329
253.656 553.738
580.629 267.127
402.185 330.018
698.915 204.855
792.835 185.184
629.59 220.624
441.213 302.376
493.041 274.547
552.32 270.302
570.041 260.517
353.056 413.772
473.089 351.537
467.221 314.512
322.258 495.276
783.576 107.92
210.441 702.393
219.239 629.089
218.429 686.227
459.487 272.713
459.89 350.505
672.932 275.487
767.557 199.075
421.262 334.959
587.182 285.91
539.852 270.585
675.574 269.546
662.434 279.887
703.262 203.069
287.601 542.856
760.71 210.033
730.16 128.02
623.932 285.985
393.118 432.112
190.036 720.173
503.902 284.509
711.519 132.845
341.183 421.392
220.959 642.614
467.849 346.733
378.915 392.964
745.282 160.16
494.569 233.751
753.504 155.257
307.863 483.754
301.229 440.026
578.293 307.984
726.483 242.297
778.736 235.388
235.106 605.317
243.966 595.237
427.19 308.368
260.145 567.016
611.691 277.962
482.139 293.169
338.159 419.063
262.038 598.535
465.165 271.456
727.597 262.898
618.799 287.948
384.921 411.752
315.752 533.751
240.767 584.89
284.066 535.649
501.659 357.214
500.031 261.432
324.325 501.268
686.878 206.461
374.353 448.885
719.895 206.436
353.12 436.435
711.102 133.548
723.622 254.16
350.795 452.381
274.585 554.498
474.632 342.119
323.603 503.515
313.926 515.345
283.598 520.323
517.846 290.017
410.504 399.915
555.406 286.978
702.268 247.925
563.092 317.061
766.971 212.836
676.906 161.852
625.912 159.192
533.38 296.405
595.325 225.256
250.431 597.681
584.636 175.897
593.209 248.532
780.044 187.338
717.289 181.272
467.787 291.57
386.905 339.135
519.118 337.224
317.177 501.749
648.91 186.392
572.387 316.883
774.134 150.118
448.089 282.607
277.545 576.895
507.307 289.091
521.716 297.695
534.545 221.772
615.647 276.255
230.917 572.803
720.216 140.407
366.016 444.073
568.273 303.178
392.704 401.967
290.982 500.13
557.744 246.108
578.562 225.444
704.26 168.3
321.205 434.162
307.507 421.889
228.181 680.974
211.899 658.001
797.501 249.139
462.796 275.541
312.17 428.62
792.203 222.5
186.998 760.986
657.173 251.416
745.43 152.809
623.526 182.166
747.918 244.892
263.033 546.061
685.753 231.894
793.194 162.571
449.345 269.057
587.322 239.085
799.135 124.035
481.098 353.576
449.694 271.043
732.81 184.1
472.304 316.95
568.853 197.313
796.94 207.508
701.296 211.021
704.363 142.32
606.106 222.69
662.81 278.941
528.328 242.452
290.15 544.544
594.532 211.593
725.844 183.676
632.272 181.373
391.002 374.817
461.15 274.238
789.763 165.128
344.068 459.157
439.182 363.536
645.709 205.719
340.724 479.572
785.084 147.493
410.752 325.22
288.076 498.809
515.22 216.021
306.837 427.757
624.988 212.425
199.326 709.934
508.018 254.15
201.228 717.283
761.244 143.29
253.729 545.114
794.255 241.463
514.878 323.276
560.202 227.458
582.598 197.62
684.119 180.979
663.337 209.285
617.642 247.81
218.178 729.578
233.246 619.618
300.346 480.919
405.306 319.27
441.016 326.38
181.978 759.393
714.956 233.238
753.531 164.057
618.904 222.793
434.901 378.58
518.048 276.545
619.005 271.888
527.915 290.31
234.95 600.715
707.104 157.548
467.35 340.681
713.469 195.207
416.501 322.546
695.363 147.579
797.141 228.671
180.944 780.817
316.621 454.157
241.083 584.989
599.067 219.114
557.616 246.608
407.249 323.073
322.153 399.124
197.907 668.333
548.924 319.891
473.16 260.08
248.539 522.369
757.222 165.909
480.325 288.093
735.906 209.268
650.723 231.433
659.754 207.042
632.701 164.036
684.491 155.667
382.927 377.836
633.764 151.703
265.988 528.029
204.103 686.572
411.435 358.145
464.687 324.697
529.696 325.329
334.409 469.643
423.27 349.155
583.362 236.354
214.333 672.389
704.584 222.895
629.452 218.698
755.642 214.03
513.82 340.096
236.879 615.853
351.626 461.095
488.296 253.408
382.622 359.095
734.364 120.45
220.178 718.246
711.277 177.844
560.638 262.549
212.646 710.074
313.163 433.459
282.693 514.788
438.317 309.199
525.271 302.113
704.122 230.631
187.811 774.995
272.171 554.008
192.701 724.859
639.292 276.176
677.147 228.816
183.16 755.944
667.366 170.755
288.383 460.342
189.276 738.803
508.534 262.626
647.056 229.199
466.41 349.377
198.004 773.312
539.382 257.795
411.596 397.789
497.944 353.176
335.793 386.977
713.304 167.378
659.636 290.376
736.453 198.719
222.686 614.113
694 162.734
780.873 240.23
768.419 237.071
567.422 273.461
518.354 338.989
181.297 771.029
382.589 424.649
555.107 245.378
502.199 339.257
348.852 457.698
696.248 257.977
546.214 246.824
378.218 442.849
586.781 202.902
696.221 144.593
663.501 153.037
213.501 697.156
774.784 169.108
603.47 308.228
797.992 214.535
765.649 240.654
693.745 140.894
335.7 431.608
382.18 432.663
588.538 246.385
236.605 672.641
748.819 122.788
612.9 292.193
265.697 582.124
367.218 346.59
315.114 531.862
721.303 160.89
295.263 484.972
416.903 296.638
705.032 144.423
760.801 222.884
764.055 135.403
240.757 584.517
748.859 221.87
466.33 328.579
609.521 249.856
406.451 371.98
305.627 515.277
424.465 393.851
714.981 188.388
287.858 533.359
211.35 640.967
780.151 164.031
732.679 190.748
666.88 191.654
212.222 743.889
765.922 139.616
213.203 634.823
561.53 300.39
192.863 736.803
624.656 206.57
637.519 280.4
732.731 215.754
209.637 660.413
197.89 699.042
792.29 211.146
594.858 278.755
358.679 402.265
473.415 287.934
362.924 391.511
768.011 232.916
715.149 149.44
394.287 357.682
355.812 373.366
693.087 262.53
254.93 521.531
687.245 213.549
429.865 320.444
525.092 227.246
673.406 271.425
499.837 242.406
682.426 168.82
327.078 410.413
680.11 149.851
409.317 302.962
451.678 293.356
550.758 289.129
300.149 440.176
313.613 508.283
748.612 195.318
455.844 284.249
624.533 224.925
674.962 203.709
533.956 222.819
753.875 211.444
633.653 294.052
228.977 606.335
567.673 190.648
319.624 434.581
453.968 333.273
233.376 574.16
515.39 272.973
723.614 258.543
590.268 195.726
423.998 366.161
621.029 290.227
231.126 663.646
453.88 257.367
183.128 773.944
201.655 671.367
729.669 202.304
731.153 171.335
505.997 338.663
747.789 162.93
483.631 344.395
525.593 273.959
571.544 249.355
373.591 361.398
734.566 191.469
788.863 207.388
634.927 242.378
694.727 155.235
424.399 328.537
263.404 561.913
364.317 422.482
690.395 186.671
479.058 358.849
226.704 680.658
291.844 526.079
660.505 261.635
687.577 175.531
694.456 165.642
269.862 472.429
317.25 442.163
766.701 186.006
644.09 219.272
194.088 781.922
784.093 145.407
799.131 177.985
725.244 158.948
303.313 516.479
690.173 266.536
248.252 557.329
307.94 431.456
577.663 263.365
643.55 250.001
574.037 195.856
583.84 308.686
364.089 430.402
363.598 373.633
692.88 133.505
276.97 469.59
391.898 372.806
640.87 211.375
314.771 432.44
541.8 241.187
786.441 176.758
564.368 218.268
184.37 787.822
580.771 247.821
513.035 248.786
384.034 395.879
208.438 783.706
581.397 209.605
488.17 233.067
737.876 256.396
676.217 214.999
656.41 149.598
318.948 462.299
728.057 216.687
737.177 123.209
534.467 301.292
210.834 703.766
316.304 447.285
588.439 291.088
379.468 426.318
593.799 239.182
720.558 223.666
606.305 231.714
679.17 266.048
756.922 141.154
271.553 537.897
200.279 721.522
390.023 429.366
642.71 150.937
636.561 162.768
504.616 249.773
653.825 144.637
545.222 230.745
582.376 267.866
368.136 416.68
348.413 447.782
685.826 208.157
439.474 356.367
451.958 363.216
655.856 153.157
778.079 246.909
362.807 401.444
771.307 110.083
791.859 215.389
774.285 146.818
507.148 266.105
637.479 257.689
294.674 525.079
507.226 235.991
601.614 298.444
643.132 280.748
367.67 425.703
704.739 133.965
430.213 395.597
313.78 520.081
667.436 145.102
256.67 562.651
735.398 165.116
703.036 131.932
250.882 562.847
775.222 215.999
258.615 581.594
380.804 345.113
300.52 540.537
453.823 259.183
726.739 150.294
744.708 228.939
772.321 232.8
625.529 273.276
521.572 247.272
624.47 173.095
496.317 248.861
755.999 233.751
591.45 287.576
283.05 569.909
649.656 191.766
560.973 256.715
594.558 236.99
659.309 172.362
554.58 208.648
679.233 164.5
674.916 223.128
286.527 484.313
715.825 219.135
348.846 473.276
198.272 732.104
410.408 344.572
194.219 719.651
664.812 170.727
792.272 114.542
563.663 182.736
526.852 230.058
444.32 390.304
747.797 223.998
552.814 264.212
653.185 195.642
738.649 238.061
482.716 342.816
519.971 268.223
569.71 209.297
301.338 519.134
248.401 584.97
341.667 485.771
474.604 336.387
261.347 623.656
773.193 202.048
734.645 188.098
194.459 730.15
275.784 531.551
241.175 645.483
273.46 591.666
238.239 684.01
290.417 514.485
396.542 394.972
449.219 319.687
565.831 205.848
795.427 120.601
732.613 172.565
286.339 535.523
645.083 202.634
464.553 281.184
796.12 126.385
377.975 420.82
209.924 753.485
775.624 119.467
686.102 269.769
296.921 438.712
235.676 631.467
621.897 269.289
415.198 321.105
224.872 609.763
717.19 258.996
646.347 281.664
254.858 561.076
691.36 169.087
492.575 250.454
309.428 412.308
780.461 218.226
346.77 448.629
596.704 282.295
197.27 783.372
591.843 235.642
244.961 646.003
707.07 141.657
482.024 365.24
504.008 345.087
773.821 140.329
699.944 162.657
425.091 400.452
624.026 202.292
624.811 168.17
632.614 204.369
357.417 381.166
271.136 532.149
262.963 578.155
249.829 581.657
705.358 130.526
589.963 291.446
318.975 491.652
214.553 649.201
503.025 259.43
231.223 587.5
571.51 199.077
713.208 122.311
283.712 556.388
586.387 183.905
624.404 297.47
556.904 329.882
756.78 132.516
623.214 211.19
562.591 239.006
380.717 358.224
461.363 366.673
637.331 274.235
507.897 336.498
494.829 327.481
338.433 367.312
764.123 130.636
500.081 307.546
403.051 390.294
364.922 427.558
354.706 406.723
419.807 395.634
648.207 242.231
188.717 755.108
629.461 158.25
328.464 481.329
610.179 275.971
397.551 415.418
320.399 515.864
550.289 250.014
787.156 169.074
605.76 275.589
545.557 283.585
783.782 151.115
399.065 357.432
323.378 449.907
698.727 234.57
658.734 236.058
567.926 221.191
330.652 457.876
472.453 323.224
310.243 476.465
308.883 439.717
270.902 564.806
708.597 142.261
472.208 326.236
565.242 219.452
354.893 367.74
221.118 596.329
376.525 436.414
565.71 236.368
230.237 638.676
670.24 231.463
679.753 142.949
416.702 338.533
554.005 271.905
552.993 286.469
695.222 160.717
411.433 372.154
499.478 316.396
624.905 228.914
318.233 434.682
577.424 242.963
618.807 168.466
698.685 209.864
327.118 405.402
394.613 350.347
302.341 544.083
719.145 228.034
640.084 281.135
688.738 226.739
736.559 239.075
437.523 321.905
401.395 387.172
302.345 509.265
423.673 328.256
380.246 418.988
597.062 279.836
505.068 322.124
561.18 283.614
661.022 150.532
796.217 159.118
435.922 340.3
712.524 269.821
727.465 218.792
607.215 180.194
684.96 225.423
502.312 302.224
247.785 659.291
196.893 701.297
403.321 413.103
221.738 632.757
279.058 554.029
326.269 460.106
686.895 193.927
538.195 229.101
459.249 308.122
684.271 185.65
280.429 480.61
265.045 524.215
335.942 482.28
310.308 432.752
447.469 386.213
516.606 284.596
339.759 416.874
246.427 641.551
642.955 151.172
480.426 272.978
351.566 418.473
242.004 660.488
201.349 738.004
423.469 371.906
550.965 207.744
211.584 650.597
213.287 659.465
409.268 381.631
551.597 275.61
450.747 302.096
208.128 647.495
269.867 607.035
785.997 213.291
200.825 760.081
460.473 374.227
399.065 357.654
325.554 436.145
463.166 319.216
475.208 321.85
632.337 227.62
571.346 242.596
796.432 131.807
620.901 254.789
611.075 194.199
740.662 243.26
782.873 241.055
190.142 722.944
454.369 280.407
235.522 640.479
420.502 300.058
692.034 268.968
348.067 479.173
587.279 244.873
780.23 134.367
768.514 126.646
770.279 199.68
247.933 606.385
555.868 276.968
593.245 236.546
293.68 546.652
797.179 244.44
584.431 302.443
234.936 654.375
606.088 284.606
512.679 296.171
687.05 164.458
609.357 285.902
231.441 667.025
216.377 648.342
357.644 445.308
276.257 509.84
475.694 356.826
243.92 636.156
596.419 248.428
358.541 398.643
567.329 298.205
422.882 355.843
340.617 478.131
603.933 203.081
212.379 659.034
502.616 275.251
626.406 237.395
674.672 189.078
621.546 242.921
620.923 193.355
761.422 154.848
287.536 445.267
499.222 263.292
292.06 460.784
408.082 408.891
214.286 735.89
244.201 549.847
400.381 394.749
733.543 258.492
515.372 248.859
415.637 383.571
773.013 200.777
390.41 403.359
426.742 375.613
375.78 443.464
559.158 249.776
575.277 268.911
536.643 285.894
613.461 217.798
225.316 643.03
494.668 275.179
478.463 267.212
372.199 341.587
689.628 230.616
756.923 189.57
633.736 282.711
632.858 247.811
643.062 210.515
569.901 274.624
207.312 697.277
259.592 561.068
759.203 156.292
797.092 218.701
752.753 164.91
199.21 675.311
519.556 241.317
727.978 161.579
363.227 398.589
566.725 195.611
631.318 191.989
323.967 466.809
486.673 340.317
765.448 118.316
628.195 258.506
202.151 667.675
174.168 755.337
535.722 250.213
229.841 585.789
666.267 213.235
583.659 184.755
690.469 232.931
676.361 279.215
481.361 305.875
403.747 395.884
616.412 292.558
677.846 197.347
580.857 237.522
204.812 750.835
497.957 308.699
611.15 192.462
209.039 701.86
470.579 350.959
560.607 289.328
322.36 481.424
719.822 262.754
267.034 504.728
702.691 141.695
733.842 236.226
461.823 327.667
686.004 193.45
497.118 302.632
507.61 300.844
651.917 158.039
629.719 164.796
726.055 220.106
721.375 233.022
619.455 253.564
467.558 283.193
430.365 293.27
512.641 323.893
463.16 266.527
292.747 496.061
762.32 180.421
797.541 174.105
781.592 161.574
621.971 246.913
497.234 307.041
783.475 235.804
785.216 207.306
704.626 197.749
493.805 246.305
702.383 152.255
699.513 221.488
221.37 700.056
542.865 306.732
434.778 314.369
187.733 777.888
755.498 202.038
681.386 159.279
506.923 324.782
687.667 182.357
275.614 557.908
685.815 197.808
473.526 363.927
789.654 196.397
745.692 243.054
720.376 129.745
203.028 678.035
695.558 137.924
237.594 658.26
704.956 131.035
558.265 265.552
729.793 187.146
262.986 594.107
359.034 383.266
412.68 388.422
726.969 214.21
756.081 260.194
227.999 599.167
227.846 642.033
738.65 254.863
573.949 271.8
300.219 469.936
762.126 206.268
342.776 363.45
663.579 232.277
628.413 178.337
529.882 318.91
777.252 195.712
418.017 386.534
367.703 444.687
576.877 288.203
625.315 284.746
196.992 741.277
581.854 212.431
323.357 434.069
730.176 154.027
538.142 294.231
513.762 216.388
641.406 184.893
412.516 370.714
395.108 428.139
714.406 170.742
498.076 338.987
781.303 191.489
270.775 509.847
552.524 277.916
609.742 275.818
282.496 535.732
523.873 250.524
414.897 387.616
700.659 186.771
474.947 238.74
419.979 294.567
592.548 261.976
346.942 480.336
753.408 222.531
729.702 183.495
530.829 333.788
319.771 484.66
350.109 391.533
606.473 209.25
502.42 234.144
735.998 137.675
638.689 175.146
743.254 159.442
576.766 261.573
403.27 306.697
706.596 230.023
455.357 338.174
447.46 347.406
264.696 607.417
361.692 428.366
685.775 254.57
371.305 388.448
469.324 318.999
589.337 204.04
280.29 476.276
507.941 260.905
193.335 755.316
764.45 123.782
266.268 505.037
308.662 434.643
332.054 414.55
589.602 185.548
603.972 272.461
200.133 661.523
645.631 282.747
787.882 120.583
767.37 238.028
728.441 186.947
405.371 383.972
412.048 377.068
710.796 151.136
585.022 243.328
590.272 277.498
381.309 433.661
737.23 189.298
594.273 275.152
259.457 591.35
416.543 388.486
588.611 191.928
510.489 293.452
388.062 404.513
730.49 120.293
207.56 715.14
726.572 235.594
610.509 207.953
727.803 140.649
655.219 227.233
482.064 245.531
662.873 226.405
477.111 300.035
686.602 148.786
192.219 792.953
297.745 475.854
517.331 253.38
669.381 214.188
461.672 342.063
497.983 318.455
344.849 459.741
489.927 355.265
796.067 165.059
735.045 106.962
768.068 123.273
363.862 349.408
285.373 517.691
744.25 190.495
698.787 158.314
380.976 399.491
385.054 346.414
709.313 268.091
650.872 222.582
420.932 389.115
475.597 269.441
225.747 716.794
225.67 679.877
529.409 249.326
342.685 475.23
684.525 248.656
405.548 334.152
384.5 359.26
367.595 390.113
341.227 434.859
785.604 221.47
257.246 593.837
736.691 213.653
318.574 399.126
723.814 151.019
549.558 213.398
553.541 267.094
711.863 212.98
687.826 276.309
380.428 424.127
484.378 360.337
688.727 269.633
762.505 216.771
289.27 497.038
764.188 250.102
481.616 299.742
754.075 174.417
477.628 273.633
736.432 255.46
287.601 446.618
417.675 360.338
478.56 353.903
218.622 615.494
771.193 128.861
778.002 258.087
710.734 200.161
264.844 536.472
767.997 155.141
775.552 197.496
424.66 325.664
760.482 162.298
515.209 346.446
395.588 432.587
342.471 494.763
734.215 209.94
608.628 251.273
662.2 261.43
336.703 459.651
416.378 355.164
692.799 181.661
718.854 186.93
456.034 354.672
504.457 278.047
581.736 268.049
253.521 534.301
474.912 274.816
723.528 193.927
587.755 242.925
690.181 188.882
489.187 280.877
194.972 677.145
582.418 213.641
255.237 546.752
591.094 222.831
356.145 370.896
410.362 335.561
180.056 796.907
793.672 232.858
742.825 127.522
655.764 221.397
186.883 780.847
688.476 261.945
390.572 313.626
508.212 224.505
417.409 316.324
765.872 196.493
773.125 177.465
659.955 217.432
584.409 258.075
722.697 218.222
783.052 252.744
210.602 778.33
785.765 234.971
381.448 326.097
394.97 319.74
466.537 332.152
296.124 432.258
233.913 652.893
534.798 230.086
338.295 430.073
176.347 781.71
636.398 230.795
515.615 220.142
649.771 275.943
607.557 270.943
556.911 193.547
549.794 248.14
491.232 358.751
306.945 443.782
669.404 185.834
389.723 428.828
511.593 349.222
712.988 193.755
624.03 264.941
552.535 281.654
259.618 538.202
761.418 220.813
384.979 317.534
490.207 259.992
409.141 310.61
592.017 283.746
767.319 217.035
712.942 265.398
243.873 540.979
305.647 451.682
564.262 211.912
267.06 536.304
624.827 286.62
278.138 494.037
774.756 144.468
233.259 672.085
490.449 336.955
313.343 490.414
516.911 306.403
390.539 430.304
753.348 153.32
307.01 506.728
699.991 249.759
709.385 165.184
713.023 211.142
374.334 417.718
745.893 129.723
262.067 603.346
472.687 364.059
693.802 242.779
362.7 380.677
258.405 579.975
719.301 227.501
342.409 385.492
303.679 530.337
523.875 335.725
529.332 317.345
726.222 172.526
253.836 543.209
533.5 242.633
379.415 385.273
483.93 238.74
787.188 169.479
496.791 281.33
782.747 161.055
447.361 274.915
337.345 388.948
757.431 214.053
441.033 289.507
365.029 454.464
704.961 145.637
204.557 673.216
748.473 146.155
414.349 413.286
294.829 526.122
520.067 332.175
653.832 171.045
763.689 127.169
609.51 210.486
777.278 148.852
422.449 328.705
774.492 247.945
396.645 391.218
387.769 358.454
533.745 227.641
175.192 798.598
251.057 656.333
339.081 448.806
680.153 149.766
334.587 497.031
374.634 385.967
499.714 304.951
257.252 609.869
225.95 658.201
715.248 259.18
688.468 251.575
681.155 204.923
347.674 397.718
701.005 190.026
258.79 554.894
356.828 391.449
443.382 344.557
654.56 229.96
555.497 271.615
786.335 101.747
716.119 142.275
635.642 247.124
458.39 278.905
619.572 287.747
712.293 141.937
197.047 757.074
386.646 327.355
317.537 446.791
219.46 721.601
483.217 307.004
213.582 751.206
579.022 288.18
396.133 422.708
634.678 282.676
639.793 180.938
490.443 319.232
501.884 281.544
580.276 313.927
195.662 703.245
667.216 147.142
283.176 462.963
666.178 169.086
474.252 247.819
279.288 516.28
390.591 335.972
333.628 404.422
558.324 194.634
485.052 238.714
752.191 207.757
722.157 247.374
274.746 570.592
562.429 240.593
760.354 141.729
530.317 288.525
285.176 552.746
381.366 372.129
626.122 255.403
456.103 347.766
537.762 251.31
631.46 195.865
673.656 258.329
391.407 336.441
363.039 446.198
409.257 374.366
174.337 798.494
767.475 217.3
571.782 210.608
650.967 281.086
786.493 156.746
467.064 315.418
382.019 365.228
472.961 270.846
650.831 270.524
188.227 770.037
325.785 482.49
180.656 772.404
190.817 741.795
390.475 330.193
190.81 749.426
763.359 124.648
229.584 676.988
335.332 384.162
728.857 255.121
756.463 189.38
715.951 132.606
540.179 278.486
602.459 260.89
796.721 167.242
478.267 363.239
654.961 258.408
251.206 601.938
758.787 156.098
563.926 243.329
305.21 439.973
630.485 275.908
492.35 328.035
319.475 424.923
760.631 172.53
551.354 325.386
425.712 290.497
265.841 543.315
273.719 567.229
788.783 141.804
553.048 272.083
611.909 228.232
279.511 520.551
475.443 256.089
684.872 283.314
673.629 169.511
200.99 747.957
524.86 245.229
546.996 315.323
674.15 227.661
420.412 292.308
707.368 258.004
224.669 701.917
625.709 168.272
483.454 345.342
329.547 447.208
287.596 565.994
365.629 371.885
618.567 195.3
249.296 663.064
486.075 257.576
551.612 263.292
614.292 182.047
682.066 263.982
259.801 601.719
521.806 244.053
744.407 220.481
526.062 220.91
763.235 263.325
690.404 227.788
789.48 222.599
733.978 189.314
769.731 149.149
242.115 652.333
379.362 384.081
248.334 524.253
774.873 172.405
220.128 672.019
386.272 370.768
776.081 176.812
771.059 139.453
665.086 227.658
668.92 272.912
493.903 314.958
336.383 426.644
683.858 150.754
375.088 407.003
484.489 314.844
383.412 414.617
564.295 230.45
667.063 261.133
718.043 196.097
661.536 217.869
493.7 266.092
434.276 319.126
351.688 392.556
728.28 171.54
674.201 207.83
196.542 730.21
727.366 216.933
569.754 248.018
209.076 720.386
500.394 264.648
303.823 530.853
208.842 747.696
559.76 192.129
699.485 140.542
650.786 159.208
641.581 273.405
366.592 419.855
632.764 204.218
230.096 624.073
544.532 222.043
614.649 241.834
797.17 211.496
247.356 639.386
469.119 269.225
473.826 253.488
510.26 311.957
551.352 240.569
170.905 787.589
334.303 476.958
698.49 250.971
480.407 347.363
778.676 133.083
477.387 287.29
264.087 547.322
468.04 264.447
554.225 310.635
718.536 247.327
392.119 382.582
247.157 622.368
792.31 177.991
538.299 277.038
795.595 222.992
614.378 285.517
400.105 326.96
582.824 202.56
315.174 517.067
674.798 259.983
659.208 200.211
343.033 453.443
402.044 375.123
218.808 716.915
195.307 699.879
473.473 354.534
796.653 217.605
453.868 311.527
672.153 262.484
720.084 246.918
495.793 333.302
727.1 217.801
567.917 193.739
739.248 157.491
769.417 138.528
747.385 143.735
561.138 265.201
243.556 555.335
491.318 292.754
459.291 292.811
459.577 355.906
518.471 275.189
647.352 262.014
461.79 316.525
433.339 381.051
290.684 476.662
407.493 296.133
491.891 350.02
797.498 196.916
710.047 219.176
623.422 237.342
484.293 358.803
734.273 172.531
234.733 610.407
420.49 352.117
409.315 341.159
643.124 166.42
491.795 268.94
215.5 668.534
667.421 170.926
455.534 315.861
670.805 169.43
267.308 568.634
537.637 245.257
644.353 201.311
738.1 200.309
572.571 190.912
714.82 269.638
779.169 130.396
204.919 740.101
470.155 320.953
551.481 232.871
714.654 229.702
585.51 175.842
707.719 161.486
482.815 347.994
381.459 335.048
240.154 658.39
265.598 485.061
383.336 367.57
363.271 405.12
485.891 352.747
329.23 496.288
732.363 157.396
564.597 209.31
273.489 525.315
745.873 209.114
744.651 199.536
415.877 348.005
226.382 612.072
327.992 398.912
491.258 244.032
513.158 248.096
352.106 461.333
589.432 276.199
778.71 250.574
734.502 257.823
707.673 246.121
474.411 253.23
247.843 545.086
562.17 318.566
702.091 198.624
668.319 187.378
778.256 216.259
727.647 207.145
578.641 272.931
244.187 651.925
750.518 179.975
665.639 206.225
440.744 391.535
564.828 299.714
590.948 261.408
376.361 349.125
304.663 436.865
242.74 578.815
399.048 394.932
736.768 147.706
231.749 591.282
624.372 214.517
449.544 287.515
271.892 499.844
609.303 210.203
236.888 580.991
795.044 174.717
669.825 230.841
790.545 116.666
308.558 537.726
701.225 264.042
632.887 270.783
630.814 169.507
498.261 343.143
642.196 212.549
610.8 187.247
435.425 319.428
739.287 230.102
642.598 241.755
583.388 309.432
764.416 166.232
562.635 231.807
710.284 169.475
730.942 125.558
483.337 277.7
608.69 194.01
443.386 314.125
379.582 359.686
792.888 128.04
752.134 117.077
366.978 418.699
761.009 160.171
585.518 201.135
464.521 379.916
706.764 260.707
526.999 319.963
580.133 226.371
205.93 633.466
227.256 625.824
498.775 239.351
768.94 200.672
203.603 749.15
306.502 489.092
596.518 267.862
316.027 415.07
374.613 352.05
750.405 216.274
312.135 474.407
651.59 248.135
341.974 434.987
378.428 442.059
602.052 307.035
600.553 279.439
543.704 240.24
537.903 331.011
600.693 227.877
568.934 248.59
245.552 633.544
480.898 294.384
568.458 268.748
622.477 223.33
483.148 268.63
522.411 216.694
566.531 271.362
230.365 706.256
348.046 379.113
284.919 511.4
307.377 486.696
450.319 313.682
217.317 750.191
279.62 564.542
639.11 242.656
708.948 206.258
595.832 300.069
434.889 326.768
235.869 595.098
473.092 276.135
374.624 367.44
566.775 306.694
515.61 252.274
562.152 299.969
520.381 251.556
602.51 233.724
536.046 243.933
740.791 244.057
548.552 207.499
519.227 330.975
358.522 391.495
405.747 312.276
299.212 484.482
234.672 653.899
720.467 249.255
664.114 212.076
575.776 226.815
775.831 154.405
296.324 494.776
511.435 297.074
233.207 651.414
677.815 203.265
595.936 289.888
437.831 368.497
171.181 787.118
776.723 151.243
259.692 527.212
328.178 492.415
198.58 664.969
750.007 254.31
296.227 427.901
326.498 446.278
405.15 376.125
251.281 552.505
479.431 306.537
694.589 178.797
649.245 285.75
772.307 206.224
245.731 628.825
690.112 174.89
778.971 154.223
439.247 288.961
408.031 410.858
187.782 742.558
229.485 680.806
613.152 237.721
224.703 695.414
193.019 759.399
518.232 217.531
746.782 144.357
286.442 518.055
395.556 432.619
378.793 360.46
503.649 321.488
691.473 138.425
384.082 339.368
655.806 263.313
490.019 330.319
437.496 318.707
415.684 356.734
418.132 412.941
474.782 278.192
434.301 285.282
677.136 274.523
353.846 428.894
593.022 274.758
392.48 365.734
401.361 313.012
670.931 253.72
226.767 652.946
715.91 118.608
222.079 708.98
514.724 227.55
192.263 683.939
425.437 342.421
238.591 695.92
215.941 719.768
725.535 236.659
769.701 219.061
721.671 233.991
593.569 200.97
319.091 420.407
270.895 521.303
718.253 195.836
333.542 471.901
435.145 381.21
486.171 266.998
620.927 289.538
207.896 676.646
793.655 119.191
470.719 314.478
282.58 515.441
188.086 794.681
215.983 615.674
503.169 334.588
772.29 114.862
342.233 373.028
691.792 162.819
291.832 534.756
680.304 277.546
165.519 798.396
573.466 205.471
605.237 252.128
477.644 353.175
685.51 181.588
617.82 205.838
472.277 293.321
377.727 408.474
717.975 209.363
679.745 197.259
606.573 243.442
620.246 211.698
417.434 346.064
629.637 257.891
789.069 172.517
719.735 154.163
304.499 533.183
223.038 666.103
450.438 373.871
352.694 372.876
438.251 275.632
342.069 497.879
583.749 278.489
728.383 220.461
400.164 388.958
227.447 644.396
188.398 736.933
424.401 340.712
625.825 221.396
491.886 288.854
345.512 470.099
190.503 769.229
335.431 490.989
276.8 525.962
430.787 302.643
692.238 171.578
760.789 176.658
375.986 356.234
380.726 351.641
714.563 137.948